Sequence count: 206 (0xCE)

[1E41668] Sequence 0 (0x0)
    Unknown A: 00 00 00 00 00 00 00 00 00 00
    Unknown B: 0
    Entries:   0

[1E41678] Sequence 1 (0x1)
    Unknown A: 02 00 00 00 00 00 00 00 00 00
    Unknown B: 0
    Entries:   3
        [0018] [               1] 00 00 00 00 00 00 01 00 01 00 00 00 00 00 00 00 FF FF 0D 00
        [000C] [               6] 00 00 00 00 B1 04 00 00
        [0018] [               2] 00 00 00 00 02 00 00 00 00 00 00 00 08 00 08 00 02 00 00 00

[1E416C4] Sequence 2 (0x2)
    Unknown A: 02 00 00 00 00 00 00 00 00 00
    Unknown B: 0
    Entries:   5
        [0018] [               1] 00 00 00 00 00 00 02 00 02 00 00 00 00 00 00 00 FF FF 0D 00
        [0018] [               1] 00 00 00 00 00 00 03 00 03 00 00 00 00 00 E0 FF FF FF 04 00
        [0018] [               5] 00 00 00 00 78 00 78 00 78 00 04 00 00 00 04 00 02 00 00 00
        [000C] [               6] 00 00 00 00 B2 04 00 00
        [0018] [               2] 00 00 00 00 02 00 00 00 00 00 00 00 10 00 08 00 03 00 00 00

[1E41740] Sequence 3 (0x3)
    Unknown A: 02 00 00 00 00 00 00 00 00 00
    Unknown B: 0
    Entries:   2
        [0018] [               3] 00 00 00 00 FF 00 FF 00 FF 00 04 00 00 00 04 00 02 00 00 00
        [000C] [               6] 00 00 00 00 B3 04 00 00

[1E41774] Sequence 4 (0x4)
    Unknown A: 00 00 00 00 00 00 00 00 00 00
    Unknown B: 0
    Entries:   0

[1E41784] Sequence 5 (0x5)
    Unknown A: 00 00 00 00 00 00 00 00 00 00
    Unknown B: 0
    Entries:   8
        [0014] [  FrameAnimation] 00 00 00 00 45 00 00 00 00 00 00 00 FF FF 00 00
        [0014] [  FrameAnimation] 1E 00 00 00 47 00 00 00 00 00 00 00 FF FF 00 00
        [0014] [  FrameAnimation] 2A 00 00 00 4B 00 00 00 00 00 00 00 FF FF 00 00
        [0018] [               5] 00 00 00 00 FF 00 00 00 FF 00 0E 00 02 00 0E 00 01 00 00 00
        [0018] [               3] 28 00 00 00 FF 00 FF 00 FF 00 06 00 06 00 0C 00 01 00 00 00
        [0018] [               2] 2A 00 00 00 02 00 00 00 00 00 00 00 08 00 04 00 04 00 00 00
        [0018] [               5] 28 00 00 00 96 00 96 00 32 00 04 00 06 00 0C 00 01 00 00 00
        [000C] [               6] 00 00 00 00 AE 03 00 00

[1E4183C] Sequence 6 (0x6)
    Unknown A: 00 00 00 00 00 00 00 00 00 00
    Unknown B: 0
    Entries:   8
        [0014] [  FrameAnimation] 00 00 00 00 45 00 00 00 00 00 00 00 FF FF 00 00
        [0014] [  FrameAnimation] 1E 00 00 00 46 00 00 00 00 00 00 00 FF FF 00 00
        [0014] [  FrameAnimation] 2C 00 00 00 4C 00 00 00 00 00 00 00 FF FF 00 00
        [0018] [               5] 00 00 00 00 FF 00 00 00 FF 00 0E 00 02 00 0E 00 01 00 00 00
        [0018] [               3] 2A 00 00 00 FF 00 FF 00 FF 00 06 00 10 00 14 00 01 00 00 00
        [0018] [               2] 2C 00 00 00 02 00 00 00 00 00 00 00 0A 00 04 00 06 00 00 00
        [0018] [               5] 2A 00 00 00 96 00 96 00 32 00 06 00 0A 00 10 00 01 00 00 00
        [000C] [               6] 00 00 00 00 AF 03 00 00

[1E418F4] Sequence 7 (0x7)
    Unknown A: 00 00 00 00 00 00 00 00 00 00
    Unknown B: 0
    Entries:   9
        [0014] [  FrameAnimation] 00 00 00 00 45 00 00 00 00 00 00 00 FF FF 00 00
        [0014] [  FrameAnimation] 1E 00 00 00 48 00 00 00 00 00 00 00 FF FF 00 00
        [0014] [  FrameAnimation] 2C 00 00 00 4C 00 00 00 00 00 00 00 FF FF 00 00
        [0018] [               5] 00 00 00 00 FF 00 00 00 FF 00 0E 00 02 00 0E 00 01 00 00 00
        [0018] [               3] 2A 00 00 00 FF 00 FF 00 FF 00 06 00 12 00 18 00 01 00 00 00
        [0018] [               2] 36 00 00 00 02 00 00 00 00 00 00 00 0A 00 04 00 08 00 00 00
        [0018] [               4] 38 00 00 00 06 00 00 00 00 00 00 00 08 00 04 00 07 00 00 00
        [0018] [               5] 34 00 00 00 96 00 96 00 32 00 04 00 0A 00 0E 00 01 00 00 00
        [000C] [               6] 00 00 00 00 B0 03 00 00

[1E419C4] Sequence 8 (0x8) (PK Love Omega)
    Unknown A: 00 00 00 00 00 00 00 00 00 00
    Unknown B: 0
    Entries:   11
        [0014] [  FrameAnimation] 00 00 00 00 45 00 00 00 00 00 00 00 FF FF 00 00
        [0014] [  FrameAnimation] 1E 00 00 00 49 00 00 00 00 00 00 00 FF FF 00 00
        [0014] [  FrameAnimation] 2E 00 00 00 4D 00 00 00 00 00 00 00 FF FF 00 00
        [0018] [               5] 00 00 00 00 FF 00 00 00 FF 00 0E 00 02 00 0E 00 01 00 00 00
        [0018] [               4] 00 00 00 00 02 00 00 00 00 00 00 00 02 00 02 00 0A 00 00 00
        [0018] [               3] 2C 00 00 00 FF 00 FF 00 FF 00 06 00 14 00 1E 00 01 00 00 00
        [0018] [               2] 38 00 00 00 02 00 00 00 00 00 00 00 0A 00 04 00 0A 00 00 00
        [0018] [               4] 3A 00 00 00 06 00 00 00 00 00 00 00 0A 00 04 00 0B 00 00 00
        [0018] [               4] 3A 00 00 00 00 00 00 00 00 00 00 00 02 00 02 00 0E 00 00 00
        [0018] [               5] 3C 00 00 00 96 00 96 00 32 00 04 00 0C 00 10 00 01 00 00 00
        [000C] [               6] 00 00 00 00 B1 03 00 00

    Overall:            45:         49:         4D:
    [00] 45-0,  3       0,  3       _           _
    [03] 45-1,  3       1,  3       _           _
    [06] 45-2,  3       2,  3       _           _
    [09] 45-3,  3       3,  3       _           _
    [0C] 45-4,  3       4,  3       _           _
    [0F] 45-5,  3       5,  3       _           _
    [12] 45-6,  3       6,  3       _           _
    [15] 45-7,  3       7,  3       _           _
    [18] 45-8,  3       8,  3       _           _
    [1B] 45-9,  3       9,  3       _           _
    [1E] 49-0,  3       10, 3       0, 3        _
    [21] 49-1,  3       11, 3       1, 3        _
    [24] 49-2,  3       12, 3       2, 3        _
    [27] 49-3,  2       13, 3       3, 3        _
    [29] null,  1       _           _           _
    [2A] 49-4,  3       _           4, 3        _
    [2D] 49-5,  1       _           5, 3        _
    [2E] 4D-0,  2       _           _           0,  3
    [30] 49-6,  1       _           6, 3        _
    [31] 4D-1,  1       _           _           1,  3
    [32] null,  2       _           _           _
    [34] 4D-2,  3       _           _           2,  3
    [37] 4D-3,  3       _           _           3,  3
    [3A] 4D-4,  3       _           _           4,  3
    [3D] 4D-5,  3       _           _           5,  3
    [40] 4D-6,  3       _           _           6,  3
    [43] 4D-7,  3       _           _           7,  3
    [46] 4D-8,  3       _           _           8,  3
    [49] 4D-9,  3       _           _           9,  3
    [4C] 4D-10, 3       _           _           10, 3
    [4F] 4D-11, 3       _           _           11, 3
    [52] 4D-12, 3       _           _           12, 3
    [55] 4D-13, 3       _           _           13, 3
    [58] 4D-14, 3       _           _           14, 3
    [5B] 4D-15, 3       _           _           15, 3
    [5E] 4D-16, 3       _           _           16, 3
    [61] 4D-17, 3       _           _           17, 3
    [64] 4D-18, 2       _           _           18, 3
    [66] null, 2?       _           _           _

    The resolution seems pretty straightforward, except I can't predict how the null frames occur.

    Every time a new sequence step starts, it overwrites any sequence step that had already been
    started on a previous frame. If two sequence steps start on the same frame, the last one wins.

    For example, on frame 0x1E, both sequence 0x45 and 0x49 start a new frame step, so the frame
    step from sequence 0x49 wins.

[1E41AC4] Sequence 9 (0x9)
    Unknown A: 00 00 00 00 00 00 00 00 00 00
    Unknown B: 0
    Entries:   4
        [0014] [  FrameAnimation] 00 00 00 00 00 00 00 00 00 00 00 00 FF FF 00 00
        [0014] [  FrameAnimation] 3E 00 00 00 01 00 00 00 00 00 00 00 FF FF 00 00
        [0018] [               3] 18 00 00 00 FF 00 00 00 00 00 08 00 30 00 10 00 01 00 00 00
        [000C] [               6] 00 00 00 00 C4 04 00 00

[1E41B20] Sequence 10 (0xA)
    Unknown A: 00 00 00 00 00 00 00 00 00 00
    Unknown B: 0
    Entries:   4
        [0014] [  FrameAnimation] 00 00 00 00 00 00 00 00 00 00 00 00 FF FF 00 00
        [0014] [  FrameAnimation] 40 00 00 00 02 00 00 00 00 00 00 00 FF FF 00 00
        [0018] [               3] 10 00 00 00 FF 00 00 00 00 00 20 00 38 00 10 00 01 00 00 00
        [000C] [               6] 00 00 00 00 C5 04 00 00

[1E41B7C] Sequence 11 (0xB)
    Unknown A: 00 00 00 00 00 00 00 00 00 00
    Unknown B: 0
    Entries:   5
        [0014] [  FrameAnimation] 00 00 00 00 00 00 00 00 00 00 00 00 FF FF 00 00
        [0014] [  FrameAnimation] 3E 00 00 00 03 00 00 00 00 00 00 00 FF FF 00 00
        [0018] [               3] 10 00 00 00 FF 00 00 00 00 00 20 00 38 00 10 00 01 00 00 00
        [0018] [               4] 48 00 00 00 04 00 00 00 00 00 00 00 0A 00 08 00 02 00 00 00
        [000C] [               6] 00 00 00 00 C6 04 00 00

[1E41BF0] Sequence 12 (0xC)
    Unknown A: 00 00 00 00 00 00 00 00 00 00
    Unknown B: 0
    Entries:   5
        [0014] [  FrameAnimation] 00 00 00 00 00 00 00 00 00 00 00 00 00 00 00 00
        [0014] [  FrameAnimation] 3E 00 00 00 04 00 00 00 00 00 00 00 00 00 00 00
        [0018] [               3] 10 00 00 00 FF 00 00 00 00 00 20 00 40 00 10 00 01 00 00 00
        [0018] [               4] 40 00 00 00 04 00 00 00 00 00 00 00 0E 00 08 00 03 00 00 00
        [000C] [               6] 00 00 00 00 C7 04 00 00

[1E41C64] Sequence 13 (0xD)
    Unknown A: 02 00 00 00 00 00 00 00 00 00
    Unknown B: 0
    Entries:   5
        [0018] [               1] 08 00 00 00 01 00 00 00 00 00 00 00 00 00 00 00 FF FF 00 00
        [0018] [               5] 00 00 00 00 A0 00 A0 00 FF 00 04 00 00 00 04 00 02 00 00 00
        [0018] [               3] 2A 00 00 00 A0 00 A0 00 FF 00 04 00 00 00 04 00 03 00 00 00
        [000C] [               6] 00 00 00 00 C8 04 00 00
        [0018] [               2] 2A 00 00 00 02 00 00 00 00 00 00 00 04 00 06 00 02 00 00 00

[1E41CE0] Sequence 14 (0xE)
    Unknown A: 02 00 00 00 00 00 00 00 00 00
    Unknown B: 0
    Entries:   5
        [0018] [               1] 08 00 00 00 01 00 01 00 01 00 00 00 00 00 00 00 FF FF 00 00
        [0018] [               5] 00 00 00 00 A0 00 A0 00 FF 00 04 00 00 00 04 00 02 00 00 00
        [0018] [               3] 2A 00 00 00 A0 00 A0 00 FF 00 04 00 00 00 04 00 03 00 00 00
        [000C] [               6] 00 00 00 00 C9 04 00 00
        [0018] [               2] 2A 00 00 00 02 00 00 00 00 00 00 00 06 00 06 00 02 00 00 00

[1E41D5C] Sequence 15 (0xF)
    Unknown A: 02 00 00 00 00 00 00 00 00 00
    Unknown B: 0
    Entries:   6
        [0018] [               1] 08 00 00 00 01 00 02 00 02 00 00 00 00 00 00 00 FF FF 00 00
        [0018] [               5] 00 00 00 00 A0 00 A0 00 FF 00 04 00 00 00 04 00 02 00 00 00
        [0018] [               3] 2A 00 00 00 A0 00 A0 00 FF 00 04 00 00 00 04 00 03 00 00 00
        [000C] [               6] 00 00 00 00 CA 04 00 00
        [0018] [               2] 2A 00 00 00 02 00 00 00 00 00 00 00 08 00 08 00 02 00 00 00
        [0018] [               4] 2D 00 00 00 00 00 00 00 00 00 00 00 04 00 04 00 02 00 00 00

[1E41DF0] Sequence 16 (0x10)
    Unknown A: 02 00 00 00 00 00 00 00 00 00
    Unknown B: 0
    Entries:   6
        [0018] [               1] 08 00 00 00 01 00 03 00 03 00 00 00 00 00 00 00 FF FF 00 00
        [0018] [               5] 00 00 00 00 A0 00 A0 00 FF 00 04 00 00 00 04 00 02 00 00 00
        [0018] [               3] 2D 00 00 00 A0 00 A0 00 FF 00 04 00 00 00 04 00 03 00 00 00
        [000C] [               6] 00 00 00 00 CB 04 00 00
        [0018] [               4] 31 00 00 00 04 00 00 00 00 00 00 00 10 00 08 00 02 00 00 00
        [0018] [               2] 2D 00 00 00 02 00 00 00 00 00 00 00 10 00 08 00 02 00 00 00

[1E41E84] Sequence 17 (0x11)
    Unknown A: 02 00 00 00 00 00 00 00 00 00
    Unknown B: 0
    Entries:   4
        [0018] [               3] 08 00 00 00 FF 00 FF 00 5A 00 04 00 00 00 04 00 02 00 00 00
        [000C] [               6] 00 00 00 00 CC 04 00 00
        [0018] [               1] 00 00 00 00 1C 00 01 00 01 00 00 00 00 00 00 00 FF FF 00 00
        [0018] [               2] 08 00 00 00 04 00 00 00 00 00 00 00 07 00 06 00 02 00 00 00

[1E41EE8] Sequence 18 (0x12)
    Unknown A: 00 00 00 00 00 00 00 00 00 00
    Unknown B: 0
    Entries:   2
        [0018] [               5] 00 00 00 00 FF 00 FF 00 5A 00 08 00 00 00 08 00 02 00 00 00
        [000C] [               6] 00 00 00 00 CD 04 00 00

[1E41F1C] Sequence 19 (0x13)
    Unknown A: 02 00 00 00 00 00 00 00 00 00
    Unknown B: 0
    Entries:   5
        [0018] [               4] 0C 00 00 00 04 00 00 00 00 00 00 00 0A 00 05 00 03 00 00 00
        [0018] [               3] 0C 00 00 00 FF 00 FF 00 5A 00 06 00 00 00 06 00 02 00 00 00
        [000C] [               6] 00 00 00 00 CE 04 00 00
        [0018] [               1] 00 00 00 00 1C 00 00 00 00 00 00 00 00 00 0A 00 FF FF 00 00
        [0018] [               5] 00 00 00 00 B4 00 B4 00 B4 00 04 00 00 00 04 00 01 00 00 00

[1E41F98] Sequence 20 (0x14)
    Unknown A: 00 00 00 00 00 00 00 00 00 00
    Unknown B: 0
    Entries:   3
        [0018] [               5] 00 00 00 00 FF 00 FF 00 5A 00 08 00 00 00 08 00 02 00 00 00
        [0018] [               5] 24 00 00 00 FE 00 FF 00 5A 00 02 00 08 00 10 00 01 00 00 00
        [000C] [               6] 00 00 00 00 CF 04 00 00

[1E41FE4] Sequence 21 (0x15)
    Unknown A: 00 00 00 00 00 00 00 00 00 00
    Unknown B: 0
    Entries:   3
        [0014] [  FrameAnimation] 00 00 00 00 08 00 00 00 00 00 00 00 FF FF 00 00
        [0018] [               2] 20 00 00 00 02 00 00 00 00 00 00 00 08 00 08 00 02 00 00 00
        [000C] [               6] 00 00 00 00 D0 04 00 00

[1E4202C] Sequence 22 (0x16)
    Unknown A: 00 00 00 00 00 00 00 00 00 00
    Unknown B: 0
    Entries:   7
        [0014] [  FrameAnimation] 20 00 00 00 09 00 00 00 00 00 00 00 FF FF 00 00
        [0018] [               1] 36 00 00 00 04 00 01 00 01 00 00 00 00 00 00 00 FF FF 00 00
        [0018] [               5] 00 00 00 00 CE FF C8 00 C8 00 08 00 00 00 08 00 02 00 00 00
        [0018] [               3] 36 00 00 00 C8 00 C8 00 C8 00 05 00 00 00 05 00 03 00 00 00
        [0018] [               2] 36 00 00 00 02 00 00 00 00 00 00 00 10 00 08 00 05 00 00 00
        [0018] [               4] 36 00 00 00 04 00 00 00 00 00 00 00 0E 00 06 00 03 00 00 00
        [000C] [               6] 00 00 00 00 D1 04 00 00

[1E420D4] Sequence 23 (0x17)
    Unknown A: 00 00 00 00 00 00 00 00 00 00
    Unknown B: 0
    Entries:   5
        [0014] [  FrameAnimation] 00 00 00 00 0A 00 00 00 00 00 00 00 FF FF 00 00
        [0018] [               4] 00 00 00 00 00 00 00 00 00 00 00 00 10 00 08 00 10 00 00 00
        [0018] [               2] 00 00 00 00 03 00 00 00 00 00 00 00 10 00 08 00 10 00 00 00
        [0018] [               3] 00 00 00 00 60 FF 60 FF 60 FF 30 00 20 00 30 00 01 00 00 00
        [000C] [               6] 00 00 00 00 D2 04 00 00

[1E4214C] Sequence 24 (0x18)
    Unknown A: 00 00 00 00 00 00 00 00 00 00
    Unknown B: 0
    Entries:   0

[1E4215C] Sequence 25 (0x19)
    Unknown A: 00 00 00 00 00 00 00 00 00 00
    Unknown B: 0
    Entries:   3
        [0014] [  FrameAnimation] 08 00 00 00 06 00 00 00 00 00 00 00 FF FF 00 00
        [0018] [               5] 00 00 00 00 B4 00 FF 00 B4 00 08 00 00 00 10 00 01 00 00 00
        [000C] [               6] 00 00 00 00 E3 04 00 00

[1E421A4] Sequence 26 (0x1A)
    Unknown A: 02 00 00 00 00 00 00 00 00 00
    Unknown B: 0
    Entries:   3
        [0018] [               1] 00 00 00 00 02 00 00 00 00 00 00 00 00 00 00 00 FF FF 00 00
        [0018] [               3] 08 00 00 00 B4 00 FF 00 B4 00 05 00 03 00 10 00 01 00 00 00
        [000C] [               6] 00 00 00 00 E4 04 00 00

[1E421F0] Sequence 27 (0x1B)
    Unknown A: 02 00 00 00 00 00 00 00 00 00
    Unknown B: 0
    Entries:   3
        [0018] [               1] 00 00 00 00 02 00 01 00 01 00 00 00 00 00 00 00 FF FF 00 00
        [0018] [               3] 08 00 00 00 B4 00 FF 00 B4 00 05 00 06 00 10 00 01 00 00 00
        [000C] [               6] 00 00 00 00 E5 04 00 00

[1E4223C] Sequence 28 (0x1C)
    Unknown A: 02 00 00 00 00 00 00 00 00 00
    Unknown B: 0
    Entries:   3
        [0018] [               1] 00 00 00 00 02 00 02 00 02 00 00 00 00 00 00 00 FF FF 00 00
        [0018] [               3] 08 00 00 00 B4 00 FF 00 B4 00 05 00 09 00 10 00 01 00 00 00
        [000C] [               6] 00 00 00 00 E6 04 00 00

[1E42288] Sequence 29 (0x1D)
    Unknown A: 00 00 00 00 00 00 00 00 00 00
    Unknown B: 466748904
    Entries:   3
        [0014] [  FrameAnimation] 00 00 00 00 07 00 00 00 00 00 00 00 FF FF 00 00
        [0018] [               5] 00 00 00 00 C8 00 C8 00 FF 00 08 00 00 00 10 00 01 00 00 00
        [000C] [               6] 00 00 00 00 E7 04 00 00

[1E422D0] Sequence 30 (0x1E)
    Unknown A: 02 00 00 00 00 00 00 00 00 00
    Unknown B: 0
    Entries:   3
        [0018] [               1] 00 00 00 00 03 00 00 00 00 00 00 00 00 00 00 00 FF FF 00 00
        [0018] [               3] 08 00 00 00 B4 00 B4 00 FF 00 05 00 03 00 10 00 01 00 00 00
        [000C] [               6] 00 00 00 00 E8 04 00 00

[1E4231C] Sequence 31 (0x1F)
    Unknown A: 02 00 00 00 00 00 00 00 00 00
    Unknown B: 0
    Entries:   3
        [0018] [               1] 00 00 00 00 03 00 01 00 01 00 00 00 00 00 00 00 FF FF 00 00
        [0018] [               3] 08 00 00 00 B4 00 B4 00 FF 00 05 00 03 00 10 00 01 00 00 00
        [000C] [               6] 00 00 00 00 E9 04 00 00

[1E42368] Sequence 32 (0x20)
    Unknown A: 02 00 00 00 00 00 00 00 00 00
    Unknown B: 0
    Entries:   3
        [0018] [               1] 00 00 00 00 03 00 02 00 02 00 00 00 00 00 00 00 FF FF 00 00
        [0018] [               3] 08 00 00 00 B4 00 B4 00 FF 00 05 00 03 00 10 00 01 00 00 00
        [000C] [               6] 00 00 00 00 EA 04 00 00

[1E423B4] Sequence 33 (0x21)
    Unknown A: 00 00 00 00 00 00 00 00 00 00
    Unknown B: 0
    Entries:   3
        [0014] [  FrameAnimation] 00 00 00 00 14 00 00 00 00 00 00 00 FF FF 00 00
        [0018] [               5] 00 00 00 00 00 00 00 00 FF 00 08 00 00 00 08 00 01 00 00 00
        [000C] [               6] 00 00 00 00 FD 04 00 00

[1E423FC] Sequence 34 (0x22)
    Unknown A: 02 00 00 00 00 00 00 00 00 00
    Unknown B: 0
    Entries:   3
        [0018] [               1] 00 00 00 00 0C 00 01 00 01 00 00 00 00 00 0C 00 FF FF 00 00
        [0018] [               3] 00 00 00 00 FF 00 00 00 FF 00 05 00 00 00 10 00 01 00 00 00
        [000C] [               6] 00 00 00 00 FE 04 00 00

[1E42448] Sequence 35 (0x23)
    Unknown A: 00 00 00 00 00 00 00 00 00 00
    Unknown B: 0
    Entries:   0

[1E42458] Sequence 36 (0x24)
    Unknown A: 02 00 00 00 00 00 00 00 00 00
    Unknown B: 0
    Entries:   3
        [0018] [               1] 10 00 00 00 1D 00 00 00 00 00 00 00 00 00 00 00 FF FF 00 00
        [0018] [               5] 00 00 00 00 FF 00 FF 00 78 00 10 00 00 00 05 00 01 00 00 00
        [000C] [               6] 00 00 00 00 B2 03 00 00

[1E424A4] Sequence 37 (0x25)
    Unknown A: 00 00 00 00 00 00 00 00 00 00
    Unknown B: 0
    Entries:   3
        [0018] [               5] 00 00 00 00 FF 00 FF 00 78 00 10 00 00 00 05 00 01 00 00 00
        [000C] [               6] 00 00 00 00 D4 04 00 00
        [0018] [               1] 10 00 00 00 1D 00 01 00 01 00 00 00 00 00 00 00 FF FF 00 00

[1E424F0] Sequence 38 (0x26)
    Unknown A: 02 00 00 00 00 00 00 00 00 00
    Unknown B: 0
    Entries:   3
        [0018] [               1] 10 00 00 00 07 00 00 00 00 00 00 00 00 00 00 00 FF FF 00 00
        [0018] [               5] 00 00 00 00 AA 00 FF 00 00 00 05 00 00 00 10 00 01 00 00 00
        [000C] [               6] 00 00 00 00 DD 04 00 00

[1E4253C] Sequence 39 (0x27)
    Unknown A: 00 00 00 00 00 00 00 00 00 00
    Unknown B: 0
    Entries:   3
        [0018] [               1] 10 00 00 00 07 00 01 00 01 00 00 00 00 00 00 00 FF FF 00 00
        [0018] [               5] 00 00 00 00 AA 00 FF 00 00 00 05 00 00 00 10 00 01 00 00 00
        [000C] [               6] 00 00 00 00 B3 03 00 00

[1E42588] Sequence 40 (0x28)
    Unknown A: 02 00 00 00 00 00 00 00 00 00
    Unknown B: 0
    Entries:   3
        [0018] [               1] 10 00 00 00 06 00 00 00 00 00 00 00 00 00 00 00 FF FF 00 00
        [0018] [               5] 00 00 00 00 AF 00 28 00 FF 00 08 00 02 00 10 00 01 00 00 00
        [000C] [               6] 00 00 00 00 DB 04 00 00

[1E425D4] Sequence 41 (0x29)
    Unknown A: 00 00 00 00 00 00 00 00 00 00
    Unknown B: 0
    Entries:   3
        [0018] [               1] 10 00 00 00 06 00 02 00 02 00 00 00 00 00 00 00 FF FF 00 00
        [0018] [               5] 00 00 00 00 AF 00 00 00 FF 00 08 00 00 00 10 00 01 00 00 00
        [000C] [               6] 00 00 00 00 B4 03 00 00

[1E42620] Sequence 42 (0x2A)
    Unknown A: 00 00 00 00 00 00 00 00 00 00
    Unknown B: 0
    Entries:   3
        [0014] [  FrameAnimation] 08 00 00 00 0D 00 00 00 00 00 00 00 FF FF 00 00
        [0018] [               5] 00 00 00 00 A0 00 A0 00 A0 00 04 00 00 00 04 00 02 00 0C 00
        [000C] [               6] 00 00 00 00 D6 04 00 00

[1E42668] Sequence 43 (0x2B)
    Unknown A: 00 00 00 00 00 00 00 00 00 00
    Unknown B: 466748904
    Entries:   3
        [0014] [  FrameAnimation] 08 00 00 00 0F 00 00 00 00 00 00 00 FF FF 00 00
        [0018] [               5] 00 00 00 00 A0 00 A0 00 A0 00 04 00 00 00 04 00 02 00 00 00
        [000C] [               6] 00 00 00 00 D8 04 00 00

[1E426B0] Sequence 44 (0x2C)
    Unknown A: 02 00 00 00 00 00 00 00 00 00
    Unknown B: 0
    Entries:   4
        [0018] [               1] 08 00 00 00 08 00 01 00 01 00 00 00 00 00 00 00 FF FF 00 00
        [0018] [               1] 1F 00 00 00 09 00 01 00 01 00 00 00 00 00 00 00 FF FF 00 00
        [0018] [               5] 00 00 00 00 96 00 00 00 FF 00 05 00 00 00 10 00 01 00 00 00
        [000C] [               6] 00 00 00 00 DF 04 00 00

[1E42714] Sequence 45 (0x2D)
    Unknown A: 02 00 00 00 00 00 00 00 00 00
    Unknown B: 0
    Entries:   3
        [0018] [               3] 08 00 00 00 FF 00 B4 00 FF 00 05 00 06 00 10 00 01 00 00 00
        [0018] [               1] 00 00 00 00 12 00 01 00 01 00 00 00 00 00 00 00 FF FF 00 00
        [000C] [               6] 00 00 00 00 E0 04 00 00

[1E42760] Sequence 46 (0x2E)
    Unknown A: 02 00 00 00 00 00 00 00 00 00
    Unknown B: 0
    Entries:   4
        [0018] [               1] 08 00 00 00 08 00 02 00 02 00 00 00 00 00 00 00 FF FF 00 00
        [0018] [               1] 1F 00 00 00 09 00 01 00 01 00 00 00 00 00 00 00 FF FF 00 00
        [0018] [               5] 00 00 00 00 96 00 00 00 FF 00 05 00 00 00 10 00 01 00 00 00
        [000C] [               6] 00 00 00 00 E1 04 00 00

[1E427C4] Sequence 47 (0x2F)
    Unknown A: 02 00 00 00 00 00 00 00 00 00
    Unknown B: 0
    Entries:   3
        [0018] [               3] 08 00 00 00 FF 00 B4 00 FF 00 05 00 06 00 10 00 01 00 00 00
        [0018] [               1] 08 00 00 00 12 00 02 00 02 00 00 00 00 00 00 00 FF FF 00 00
        [000C] [               6] 00 00 00 00 E2 04 00 00

[1E42810] Sequence 48 (0x30)
    Unknown A: 00 00 00 00 00 00 00 00 00 00
    Unknown B: 0
    Entries:   0

[1E42820] Sequence 49 (0x31)
    Unknown A: 00 00 00 00 00 00 00 00 00 00
    Unknown B: 0
    Entries:   3
        [0014] [  FrameAnimation] 00 00 00 00 10 00 00 00 00 00 00 00 00 00 00 00
        [0018] [               5] 00 00 00 00 01 FF 00 00 FF 00 08 00 0C 00 08 00 01 00 00 00
        [000C] [               6] 00 00 00 00 EB 04 00 00

[1E42868] Sequence 50 (0x32)
    Unknown A: 02 00 00 00 00 00 00 00 00 00
    Unknown B: 0
    Entries:   3
        [0018] [               1] 00 00 00 00 0A 00 00 00 00 00 00 00 00 00 00 00 FF FF 00 00
        [0018] [               3] 28 00 00 00 32 00 32 00 FF 00 04 00 00 00 10 00 01 00 00 00
        [000C] [               6] 00 00 00 00 EC 04 00 00

[1E428B4] Sequence 51 (0x33)
    Unknown A: 01 00 00 00 00 00 00 00 00 00
    Unknown B: 0
    Entries:   3
        [0018] [               1] 00 00 00 00 0A 00 01 00 01 00 00 00 00 00 00 00 FF FF 00 00
        [0018] [               2] 00 00 00 00 04 00 00 00 00 00 00 00 08 00 08 00 01 00 00 00
        [000C] [               6] 00 00 00 00 ED 04 00 00

[1E42900] Sequence 52 (0x34)
    Unknown A: 00 00 00 00 00 00 00 00 00 00
    Unknown B: 0
    Entries:   3
        [0014] [  FrameAnimation] 00 00 00 00 11 00 00 00 00 00 00 00 00 00 00 00
        [0018] [               5] 00 00 00 00 C8 00 32 00 01 FF 08 00 0C 00 08 00 01 00 00 00
        [000C] [               6] 00 00 00 00 EE 04 00 00

[1E42948] Sequence 53 (0x35)
    Unknown A: 02 00 00 00 00 00 00 00 00 00
    Unknown B: 0
    Entries:   3
        [0018] [               1] 00 00 00 00 0A 00 02 00 02 00 00 00 00 00 00 00 FF FF 00 00
        [0018] [               3] 20 00 00 00 FF 00 64 00 9C FF 04 00 00 00 10 00 01 00 00 00
        [000C] [               6] 00 00 00 00 EF 04 00 00

[1E42994] Sequence 54 (0x36)
    Unknown A: 01 00 00 00 00 00 00 00 00 00
    Unknown B: 0
    Entries:   3
        [0018] [               1] 00 00 00 00 0A 00 03 00 03 00 00 00 00 00 00 00 FF FF 00 00
        [0018] [               2] 00 00 00 00 04 00 00 00 00 00 00 00 08 00 08 00 01 00 00 00
        [000C] [               6] 00 00 00 00 F0 04 00 00

[1E429E0] Sequence 55 (0x37)
    Unknown A: 00 00 00 00 00 00 00 00 00 00
    Unknown B: 0
    Entries:   3
        [0014] [  FrameAnimation] 00 00 00 00 12 00 00 00 00 00 00 00 00 00 00 00
        [0018] [               5] 00 00 00 00 05 00 01 FF BA 00 08 00 0C 00 08 00 01 00 00 00
        [000C] [               6] 00 00 00 00 F1 04 00 00

[1E42A28] Sequence 56 (0x38)
    Unknown A: 02 00 00 00 00 00 00 00 00 00
    Unknown B: 0
    Entries:   3
        [0018] [               1] 00 00 00 00 0A 00 04 00 04 00 00 00 00 00 00 00 FF FF 00 00
        [0018] [               3] 28 00 00 00 96 00 C8 FF FF 00 04 00 00 00 10 00 01 00 00 00
        [000C] [               6] 00 00 00 00 F2 04 00 00

[1E42A74] Sequence 57 (0x39)
    Unknown A: 01 00 00 00 00 00 00 00 00 00
    Unknown B: 0
    Entries:   3
        [0018] [               1] 00 00 00 00 0A 00 05 00 05 00 00 00 00 00 00 00 FF FF 00 00
        [0018] [               2] 00 00 00 00 04 00 00 00 00 00 00 00 08 00 08 00 01 00 00 00
        [000C] [               6] 00 00 00 00 F3 04 00 00

[1E42AC0] Sequence 58 (0x3A)
    Unknown A: 00 00 00 00 00 00 00 00 00 00
    Unknown B: 0
    Entries:   3
        [0014] [  FrameAnimation] 00 00 00 00 13 00 00 00 00 00 00 00 00 00 00 00
        [0018] [               5] 00 00 00 00 FF 00 01 FF 64 00 08 00 0C 00 08 00 01 00 00 00
        [000C] [               6] 00 00 00 00 F4 04 00 00

[1E42B08] Sequence 59 (0x3B)
    Unknown A: 02 00 00 00 00 00 00 00 00 00
    Unknown B: 0
    Entries:   3
        [0018] [               1] 00 00 00 00 0A 00 06 00 06 00 00 00 00 00 00 00 FF FF 00 00
        [0018] [               3] 20 00 00 00 FF 00 64 00 96 00 04 00 00 00 10 00 01 00 00 00
        [000C] [               6] 00 00 00 00 F5 04 00 00

[1E42B54] Sequence 60 (0x3C)
    Unknown A: 01 00 00 00 00 00 00 00 00 00
    Unknown B: 0
    Entries:   3
        [0018] [               1] 00 00 00 00 0A 00 07 00 07 00 00 00 00 00 00 00 FF FF 00 00
        [0018] [               2] 00 00 00 00 00 00 00 00 00 00 00 00 08 00 08 00 01 00 00 00
        [000C] [               6] 00 00 00 00 F6 04 00 00

[1E42BA0] Sequence 61 (0x3D)
    Unknown A: 00 00 00 00 00 00 00 00 00 00
    Unknown B: 0
    Entries:   3
        [0014] [  FrameAnimation] 08 00 00 00 0C 00 00 00 00 00 00 00 FF FF 00 00
        [0018] [               5] 00 00 00 00 A0 00 A0 00 A0 00 04 00 00 00 04 00 02 00 00 00
        [000C] [               6] 00 00 00 00 F7 04 00 00

[1E42BE8] Sequence 62 (0x3E)
    Unknown A: 00 00 00 00 00 00 00 00 00 00
    Unknown B: 0
    Entries:   3
        [0014] [  FrameAnimation] 08 00 00 00 0E 00 00 00 00 00 00 00 FF FF 00 00
        [0018] [               5] 00 00 00 00 A0 00 A0 00 A0 00 04 00 00 00 04 00 02 00 00 00
        [000C] [               6] 00 00 00 00 F9 04 00 00

[1E42C30] Sequence 63 (0x3F)
    Unknown A: 01 00 00 00 00 00 00 00 00 00
    Unknown B: 0
    Entries:   2
        [0018] [               2] 00 00 00 00 04 00 00 00 00 00 00 00 08 00 08 00 01 00 00 00
        [0018] [               1] 00 00 00 00 1E 00 00 00 00 00 00 00 00 00 00 00 FF FF 00 00

[1E42C70] Sequence 64 (0x40)
    Unknown A: 00 00 00 00 00 00 00 00 00 00
    Unknown B: 466748904
    Entries:   0

[1E42C80] Sequence 65 (0x41)
    Unknown A: 00 00 00 00 00 00 00 00 00 00
    Unknown B: 466769096
    Entries:   0

[1E42C90] Sequence 66 (0x42)
    Unknown A: 02 00 00 00 00 00 00 00 00 00
    Unknown B: 0
    Entries:   1
        [0018] [               3] 00 00 00 00 01 FF 01 FF 01 FF 40 01 18 00 00 00 01 00 00 00

[1E42CB8] Sequence 67 (0x43)
    Unknown A: 02 00 00 00 00 00 00 00 00 00
    Unknown B: 0
    Entries:   1
        [0018] [               3] 00 00 00 00 01 FF 01 FF 01 FF 00 00 18 00 40 01 01 00 00 00

[1E42CE0] Sequence 68 (0x44)
    Unknown A: 02 00 00 00 00 00 00 00 00 00
    Unknown B: 0
    Entries:   2
        [0018] [               4] 00 00 00 00 00 00 00 00 00 00 00 00 0A 00 06 00 02 00 00 00
        [000C] [               6] 00 00 00 00 B9 04 00 00

[1E42D14] Sequence 69 (0x45)
    Unknown A: 00 00 00 00 00 00 00 00 00 00
    Unknown B: 0
    Entries:   2
        [0018] [               4] 00 00 00 00 00 00 00 00 00 00 00 00 18 00 09 00 05 00 00 00
        [000C] [               6] 00 00 00 00 BB 04 00 00

[1E42D48] Sequence 70 (0x46)
    Unknown A: 02 00 00 00 00 00 00 00 00 00
    Unknown B: 0
    Entries:   1
        [0018] [               3] 00 00 00 00 FF 00 FF 00 FF 00 08 00 00 00 08 00 02 00 00 00

[1E42D70] Sequence 71 (0x47)
    Unknown A: 02 00 00 00 00 00 00 00 00 00
    Unknown B: 0
    Entries:   1
        [0018] [               3] 00 00 00 00 FF 00 FF 00 00 00 08 00 00 00 08 00 02 00 00 00

[1E42D98] Sequence 72 (0x48)
    Unknown A: 02 00 00 00 00 00 00 00 00 00
    Unknown B: 0
    Entries:   1
        [0018] [               3] 00 00 00 00 01 FF 01 FF 01 FF 08 00 00 00 08 00 02 00 00 00

[1E42DC0] Sequence 73 (0x49)
    Unknown A: 02 00 00 00 00 00 00 00 00 00
    Unknown B: 0
    Entries:   2
        [0018] [               2] 00 00 00 00 02 00 00 00 00 00 00 00 08 00 08 00 02 00 00 00
        [000C] [               6] 00 00 00 00 B7 04 00 00

[1E42DF4] Sequence 74 (0x4A)
    Unknown A: 02 00 00 00 00 00 00 00 00 00
    Unknown B: 0
    Entries:   5
        [0018] [               2] 00 00 00 00 02 00 00 00 00 00 00 00 10 00 0A 00 02 00 00 00
        [0018] [               5] 00 00 00 00 78 00 78 00 78 00 06 00 00 00 06 00 02 00 00 00
        [0018] [               1] 00 00 00 00 00 00 04 00 04 00 00 00 00 00 E0 FF FF FF 00 00
        [0018] [               4] 00 00 00 00 00 00 00 00 00 00 00 00 08 00 06 00 03 00 00 00
        [000C] [               6] 00 00 00 00 B8 04 00 00

[1E42E70] Sequence 75 (0x4B)
    Unknown A: 02 00 00 00 00 00 00 00 00 00
    Unknown B: 0
    Entries:   3
        [0018] [               2] 00 00 00 00 02 00 00 00 00 00 00 00 10 00 09 00 02 00 00 00
        [0018] [               4] 00 00 00 00 00 00 00 00 00 00 00 00 0A 00 06 00 02 00 00 00
        [000C] [               6] 00 00 00 00 B9 04 00 00

[1E42EBC] Sequence 76 (0x4C)
    Unknown A: 02 00 00 00 00 00 00 00 00 00
    Unknown B: 0
    Entries:   5
        [0018] [               2] 00 00 00 00 02 00 00 00 00 00 00 00 10 00 08 00 03 00 00 00
        [0018] [               4] 00 00 00 00 04 00 00 00 00 00 00 00 08 00 06 00 04 00 00 00
        [0018] [               5] 00 00 00 00 78 00 78 00 78 00 06 00 00 00 06 00 02 00 00 00
        [0018] [               1] 00 00 00 00 00 00 04 00 04 00 00 00 00 00 E0 FF FF FF 00 00
        [000C] [               6] 00 00 00 00 BA 04 00 00

[1E42F38] Sequence 77 (0x4D)
    Unknown A: 02 00 00 00 00 00 00 00 00 00
    Unknown B: 0
    Entries:   3
        [0018] [               4] 00 00 00 00 00 00 00 00 00 00 00 00 18 00 09 00 05 00 00 00
        [0018] [               2] 00 00 00 00 02 00 00 00 00 00 00 00 13 00 08 00 05 00 00 00
        [000C] [               6] 00 00 00 00 BB 04 00 00

[1E42F84] Sequence 78 (0x4E)
    Unknown A: 00 00 00 00 00 00 00 00 00 00
    Unknown B: 0
    Entries:   0

[1E42F94] Sequence 79 (0x4F)
    Unknown A: 00 00 00 00 00 00 00 00 00 00
    Unknown B: 0
    Entries:   4
        [0014] [  FrameAnimation] 00 00 00 00 15 00 00 00 00 00 00 00 00 00 00 00
        [0018] [               4] 1E 00 00 00 00 00 00 00 00 00 00 00 10 00 08 00 02 00 00 00
        [000C] [               6] 00 00 00 00 16 05 00 00
        [0018] [               5] 1E 00 00 00 64 00 38 FF 38 FF 06 00 00 00 06 00 02 00 00 00

[1E42FF4] Sequence 80 (0x50)
    Unknown A: 00 00 00 00 00 00 00 00 00 00
    Unknown B: 0
    Entries:   4
        [0014] [  FrameAnimation] 00 00 00 00 16 00 00 00 00 00 00 00 FF FF 00 00
        [0018] [               4] 1E 00 00 00 00 00 00 00 00 00 00 00 10 00 08 00 02 00 00 00
        [0018] [               5] 1E 00 00 00 64 00 64 00 C8 00 04 00 00 00 04 00 02 00 00 00
        [000C] [               6] 00 00 00 00 17 05 00 00

[1E43054] Sequence 81 (0x51)
    Unknown A: 00 00 00 00 00 00 00 00 00 00
    Unknown B: 0
    Entries:   0

[1E43064] Sequence 82 (0x52)
    Unknown A: 00 00 00 00 00 00 00 00 00 00
    Unknown B: 0
    Entries:   4
        [0014] [  FrameAnimation] 00 00 00 00 17 00 00 00 00 00 00 00 FF FF 00 00
        [0018] [               4] 1E 00 00 00 00 00 00 00 00 00 00 00 10 00 08 00 02 00 00 00
        [0018] [               5] 1E 00 00 00 96 00 96 00 01 FF 04 00 00 00 04 00 02 00 00 00
        [000C] [               6] 00 00 00 00 18 05 00 00

[1E430C4] Sequence 83 (0x53)
    Unknown A: 00 00 00 00 00 00 00 00 00 00
    Unknown B: 0
    Entries:   4
        [0014] [  FrameAnimation] 00 00 00 00 18 00 00 00 00 00 00 00 FF FF 00 00
        [0018] [               4] 1E 00 00 00 00 00 00 00 00 00 00 00 10 00 08 00 02 00 00 00
        [0018] [               5] 1E 00 00 00 32 00 96 00 32 00 04 00 00 00 04 00 02 00 00 00
        [000C] [               6] 00 00 00 00 19 05 00 00

[1E43124] Sequence 84 (0x54)
    Unknown A: 00 00 00 00 00 00 00 00 00 00
    Unknown B: 0
    Entries:   4
        [0014] [  FrameAnimation] 00 00 00 00 19 00 00 00 00 00 00 00 FF FF 00 00
        [0018] [               4] 1E 00 00 00 00 00 00 00 00 00 00 00 10 00 08 00 02 00 00 00
        [0018] [               5] 1E 00 00 00 9C FF C8 00 C8 00 04 00 00 00 04 00 02 00 00 00
        [000C] [               6] 00 00 00 00 1A 05 00 00

[1E43184] Sequence 85 (0x55)
    Unknown A: 00 00 00 00 00 00 00 00 00 00
    Unknown B: 0
    Entries:   4
        [0014] [  FrameAnimation] 00 00 00 00 1A 00 00 00 00 00 00 00 FF FF 00 00
        [0018] [               4] 1E 00 00 00 00 00 00 00 00 00 00 00 10 00 08 00 02 00 00 00
        [0018] [               5] 1E 00 00 00 CE FF 01 FF 01 FF 04 00 00 00 04 00 02 00 00 00
        [000C] [               6] 00 00 00 00 1B 05 00 00

[1E431E4] Sequence 86 (0x56)
    Unknown A: 00 00 00 00 00 00 00 00 00 00
    Unknown B: 0
    Entries:   0

[1E431F4] Sequence 87 (0x57)
    Unknown A: 00 00 00 00 00 00 00 00 00 00
    Unknown B: 0
    Entries:   2
        [0018] [               5] 00 00 00 00 00 00 FF 00 64 00 10 00 10 00 28 00 01 00 00 00
        [000C] [               6] 00 00 00 00 21 05 00 00

[1E43228] Sequence 88 (0x58)
    Unknown A: 00 00 00 00 00 00 00 00 00 00
    Unknown B: 0
    Entries:   2
        [0018] [               5] 00 00 00 00 00 00 AA 00 FF 00 10 00 10 00 28 00 01 00 00 00
        [000C] [               6] 00 00 00 00 22 05 00 00

[1E4325C] Sequence 89 (0x59)
    Unknown A: 00 00 00 00 00 00 00 00 00 00
    Unknown B: 0
    Entries:   0

[1E4326C] Sequence 90 (0x5A)
    Unknown A: 02 00 00 00 00 00 00 00 00 00
    Unknown B: 0
    Entries:   4
        [0018] [               2] 12 00 00 00 04 00 00 00 00 00 00 00 08 00 20 00 01 00 00 00
        [0018] [               4] 12 00 00 00 00 00 00 00 00 00 00 00 06 00 10 00 01 00 00 00
        [0018] [               5] 00 00 00 00 FF 00 FF 00 78 00 10 00 00 00 05 00 01 00 00 00
        [000C] [               6] 00 00 00 00 29 05 00 00

[1E432D0] Sequence 91 (0x5B)
    Unknown A: 00 00 00 00 00 00 00 00 00 00
    Unknown B: 0
    Entries:   4
        [0018] [               5] 00 00 00 00 AF 00 28 00 FF 00 08 00 02 00 10 00 01 00 00 00
        [0018] [               2] 12 00 00 00 04 00 00 00 00 00 00 00 06 00 20 00 01 00 00 00
        [0018] [               4] 12 00 00 00 00 00 00 00 00 00 00 00 04 00 20 00 01 00 00 00
        [000C] [               6] 00 00 00 00 B6 03 00 00

[1E43334] Sequence 92 (0x5C)
    Unknown A: 00 00 00 00 00 00 00 00 00 00
    Unknown B: 0
    Entries:   4
        [0018] [               5] 00 00 00 00 AA 00 FF 00 00 00 05 00 00 00 10 00 01 00 00 00
        [0018] [               2] 14 00 00 00 02 00 00 00 00 00 00 00 08 00 0A 00 02 00 00 00
        [0018] [               4] 14 00 00 00 06 00 00 00 00 00 00 00 04 00 0A 00 02 00 00 00
        [000C] [               6] 00 00 00 00 B7 03 00 00

[1E43398] Sequence 93 (0x5D)
    Unknown A: 02 00 00 00 00 00 00 00 00 00
    Unknown B: 0
    Entries:   3
        [0018] [               1] 00 00 00 00 09 00 02 00 02 00 00 00 00 00 00 00 FF FF 00 00
        [000C] [               6] 00 00 00 00 20 05 00 00
        [0018] [               5] 00 00 00 00 96 00 00 00 FF 00 08 00 00 00 08 00 02 00 00 00

[1E433E4] Sequence 94 (0x5E)
    Unknown A: 02 00 00 00 00 00 00 00 00 00
    Unknown B: 0
    Entries:   2
        [0018] [               5] 00 00 00 00 64 00 64 00 64 00 08 00 00 00 08 00 02 00 00 00
        [000C] [               6] 00 00 00 00 1C 05 00 00

[1E43418] Sequence 95 (0x5F)
    Unknown A: 02 00 00 00 00 00 00 00 00 00
    Unknown B: 466748904
    Entries:   2
        [0018] [               5] 00 00 D2 1B 64 00 64 00 64 00 08 00 00 00 08 00 02 00 D2 1B
        [000C] [               6] 00 00 D2 1B 1D 05 D2 1B

[1E4344C] Sequence 96 (0x60)
    Unknown A: 00 00 00 00 00 00 00 00 00 00
    Unknown B: 0
    Entries:   0

[1E4345C] Sequence 97 (0x61)
    Unknown A: 02 00 00 00 00 00 00 00 00 00
    Unknown B: 0
    Entries:   2
        [0018] [               5] 00 00 00 00 32 00 32 00 FF 00 08 00 00 00 08 00 02 00 00 00
        [000C] [               6] 00 00 00 00 25 05 00 00

[1E43490] Sequence 98 (0x62)
    Unknown A: 02 00 00 00 00 00 00 00 00 00
    Unknown B: 0
    Entries:   2
        [0018] [               5] 00 00 00 00 FF 00 64 00 9C FF 08 00 00 00 08 00 02 00 00 00
        [000C] [               6] 00 00 00 00 26 05 00 00

[1E434C4] Sequence 99 (0x63)
    Unknown A: 02 00 00 00 00 00 00 00 00 00
    Unknown B: 0
    Entries:   2
        [0018] [               5] 00 00 00 00 96 00 00 00 FF 00 08 00 00 00 08 00 02 00 00 00
        [000C] [               6] 00 00 00 00 27 05 00 00

[1E434F8] Sequence 100 (0x64)
    Unknown A: 02 00 00 00 00 00 00 00 00 00
    Unknown B: 0
    Entries:   2
        [0018] [               5] 00 00 00 00 FF 00 64 00 96 00 08 00 00 00 08 00 02 00 00 00
        [000C] [               6] 00 00 00 00 28 05 00 00

[1E4352C] Sequence 101 (0x65)
    Unknown A: 02 00 00 00 00 00 00 00 00 00
    Unknown B: 0
    Entries:   2
        [0018] [               5] 00 00 00 00 FF 00 AA 00 00 00 08 00 00 00 08 00 02 00 00 00
        [000C] [               6] 00 00 00 00 23 05 00 00

[1E43560] Sequence 102 (0x66)
    Unknown A: 02 00 00 00 00 00 00 00 00 00
    Unknown B: 0
    Entries:   2
        [0018] [               5] 00 00 00 00 AA 00 00 00 FF 00 08 00 00 00 08 00 02 00 00 00
        [000C] [               6] 00 00 00 00 24 05 00 00

[1E43594] Sequence 103 (0x67)
    Unknown A: 00 00 00 00 00 00 00 00 00 00
    Unknown B: 0
    Entries:   4
        [0018] [               1] 00 00 00 00 23 00 01 00 01 00 00 00 00 00 00 00 FF FF 00 00
        [0018] [               4] 18 00 00 00 00 00 00 00 00 00 00 00 0C 00 06 00 03 00 00 00
        [0018] [               5] 06 00 00 00 2F 00 BA 00 FF 00 08 00 00 00 08 00 02 00 00 00
        [000C] [               6] 00 00 00 00 10 05 00 00

[1E435F8] Sequence 104 (0x68)
    Unknown A: 00 00 00 00 00 00 00 00 00 00
    Unknown B: 0
    Entries:   4
        [0018] [               1] 00 00 00 00 14 00 01 00 01 00 00 00 00 00 00 00 FF FF 00 00
        [0018] [               5] 0C 00 00 00 A0 00 A0 00 00 00 08 00 00 00 08 00 01 00 00 00
        [0018] [               4] 0C 00 00 00 00 00 00 00 00 00 00 00 08 00 04 00 03 00 00 00
        [000C] [               6] 00 00 00 00 37 05 00 00

[1E4365C] Sequence 105 (0x69)
    Unknown A: 00 00 00 00 00 00 00 00 00 00
    Unknown B: 0
    Entries:   4
        [0018] [               1] 00 00 00 00 14 00 02 00 02 00 00 00 00 00 00 00 FF FF 00 00
        [0018] [               5] 0C 00 00 00 FF 00 32 00 96 00 08 00 00 00 08 00 02 00 00 00
        [0018] [               4] 0C 00 00 00 00 00 00 00 00 00 00 00 08 00 04 00 03 00 00 00
        [000C] [               6] 00 00 00 00 4A 05 00 00

[1E436C0] Sequence 106 (0x6A)
    Unknown A: 00 00 00 00 00 00 00 00 00 00
    Unknown B: 0
    Entries:   10
        [0018] [               1] 00 00 00 00 14 00 00 00 00 00 00 00 00 00 00 00 FF FF 00 00
        [0018] [               4] 00 00 00 00 08 00 00 00 00 00 00 00 10 00 04 00 02 00 00 00
        [0018] [               4] 14 00 00 00 08 00 00 00 00 00 00 00 10 00 04 00 02 00 00 00
        [0018] [               4] 44 00 00 00 08 00 00 00 00 00 00 00 10 00 04 00 03 00 00 00
        [0018] [               4] 23 00 00 00 08 00 00 00 00 00 00 00 0A 00 04 00 02 00 00 00
        [0018] [               5] 14 00 00 00 64 00 64 00 9C FF 05 00 00 00 05 00 01 00 00 00
        [0018] [               5] 23 00 00 00 00 00 00 00 00 00 05 00 00 00 05 00 01 00 00 00
        [0018] [               5] 00 00 00 00 00 00 00 00 00 00 05 00 00 00 05 00 01 00 00 00
        [0018] [               5] 44 00 00 00 A0 00 A0 00 00 00 05 00 00 00 05 00 01 00 00 00
        [000C] [               6] 00 00 00 00 35 05 00 00

[1E437B4] Sequence 107 (0x6B)
    Unknown A: 00 00 00 00 00 00 00 00 00 00
    Unknown B: 0
    Entries:   5
        [0018] [               1] 00 00 00 00 0F 00 05 00 05 00 00 00 00 00 00 00 FF FF 00 00
        [0018] [               5] 29 00 00 00 96 00 01 FF 01 FF 04 00 00 00 18 00 01 00 00 00
        [0018] [               5] 1B 00 00 00 96 00 01 FF 01 FF 04 00 00 00 08 00 01 00 00 00
        [0018] [               4] 1B 00 00 00 02 00 00 00 00 00 00 00 10 00 08 00 03 00 00 00
        [000C] [               6] 00 00 00 00 9D 06 00 00

[1E43830] Sequence 108 (0x6C)
    Unknown A: 00 00 00 00 00 00 00 00 00 00
    Unknown B: 0
    Entries:   5
        [0018] [               1] 00 00 00 00 0F 00 05 00 05 00 0B 00 00 00 00 00 FF FF 00 00
        [0018] [               5] 29 00 00 00 96 00 01 FF 01 FF 04 00 00 00 18 00 01 00 00 00
        [0018] [               5] 1B 00 00 00 96 00 01 FF 01 FF 04 00 00 00 08 00 01 00 00 00
        [0018] [               4] 1B 00 00 00 02 00 00 00 00 00 00 00 10 00 08 00 03 00 00 00
        [000C] [               6] 00 00 00 00 38 05 00 00

[1E438AC] Sequence 109 (0x6D)
    Unknown A: 00 00 00 00 00 00 00 00 00 00
    Unknown B: 0
    Entries:   13
        [0018] [               1] 00 00 00 00 1B 00 00 00 00 00 00 00 00 00 08 00 00 00 00 00
        [0018] [               4] 1B 00 00 00 08 00 00 00 00 00 00 00 0C 00 06 00 01 00 00 00
        [0018] [               4] 21 00 00 00 08 00 00 00 00 00 00 00 0C 00 06 00 01 00 00 00
        [0018] [               4] 27 00 00 00 08 00 00 00 00 00 00 00 0C 00 06 00 01 00 00 00
        [0018] [               4] 2D 00 00 00 08 00 00 00 00 00 00 00 0C 00 06 00 01 00 00 00
        [0018] [               4] 33 00 00 00 08 00 00 00 00 00 00 00 0C 00 06 00 01 00 00 00
        [0018] [               4] 39 00 00 00 08 00 00 00 00 00 00 00 0C 00 06 00 01 00 00 00
        [0018] [               4] 40 00 00 00 08 00 00 00 00 00 00 00 0C 00 06 00 01 00 00 00
        [0018] [               4] 46 00 00 00 08 00 00 00 00 00 00 00 0C 00 06 00 01 00 00 00
        [0018] [               4] 4C 00 00 00 08 00 00 00 00 00 00 00 0C 00 06 00 01 00 00 00
        [0018] [               4] 52 00 00 00 08 00 00 00 00 00 00 00 0C 00 06 00 01 00 00 00
        [0018] [               5] 1B 00 00 00 64 00 00 00 00 00 04 00 32 00 0A 00 01 00 00 00
        [000C] [               6] 00 00 00 00 33 05 00 00

[1E439E8] Sequence 110 (0x6E)
    Unknown A: 02 00 00 00 00 00 00 00 00 00
    Unknown B: 0
    Entries:   3
        [0018] [               1] 00 00 00 00 17 00 00 00 00 00 00 00 00 00 00 00 FF FF 00 00
        [0018] [               3] 12 00 00 00 01 FF 96 00 01 FF 04 00 00 00 18 00 01 00 00 00
        [000C] [               6] 00 00 00 00 39 05 00 00

[1E43A34] Sequence 111 (0x6F)
    Unknown A: 02 00 00 00 00 00 00 00 00 00
    Unknown B: 0
    Entries:   3
        [0018] [               1] 00 00 00 00 17 00 01 00 01 00 00 00 00 00 00 00 FF FF 00 00
        [0018] [               3] 12 00 00 00 4C FF 4C FF 4C FF 04 00 00 00 18 00 01 00 00 00
        [000C] [               6] 00 00 00 00 3A 05 00 00

[1E43A80] Sequence 112 (0x70)
    Unknown A: 02 00 00 00 00 00 00 00 00 00
    Unknown B: 0
    Entries:   3
        [0018] [               1] 00 00 00 00 17 00 02 00 02 00 00 00 00 00 00 00 FF FF 00 00
        [0018] [               3] 12 00 00 00 64 00 01 FF 64 00 04 00 00 00 18 00 01 00 00 00
        [000C] [               6] 00 00 00 00 3B 05 00 00

[1E43ACC] Sequence 113 (0x71)
    Unknown A: 02 00 00 00 00 00 00 00 00 00
    Unknown B: 0
    Entries:   3
        [0018] [               1] 00 00 00 00 17 00 03 00 03 00 00 00 00 00 00 00 FF FF 00 00
        [0018] [               3] 12 00 00 00 64 00 01 FF 01 FF 04 00 00 00 18 00 01 00 00 00
        [000C] [               6] 00 00 00 00 3C 05 00 00

[1E43B18] Sequence 114 (0x72)
    Unknown A: 02 00 00 00 00 00 00 00 00 00
    Unknown B: 0
    Entries:   4
        [0018] [               1] 00 00 00 00 17 00 04 00 04 00 00 00 00 00 00 00 FF FF 00 00
        [0018] [               1] 08 00 00 00 17 00 06 00 06 00 00 00 00 00 00 00 FF FF 00 00
        [0018] [               3] 18 00 00 00 64 00 64 00 01 FF 04 00 00 00 18 00 01 00 00 00
        [000C] [               6] 00 00 00 00 3D 05 00 00

[1E43B7C] Sequence 115 (0x73)
    Unknown A: 02 00 00 00 00 00 00 00 00 00
    Unknown B: 0
    Entries:   4
        [0018] [               1] 00 00 00 00 17 00 01 00 01 00 00 00 00 00 00 00 FF FF 00 00
        [0018] [               1] 08 00 00 00 17 00 05 00 05 00 00 00 00 00 00 00 FF FF 00 00
        [0018] [               3] 18 00 00 00 4C FF 4C FF 4C FF 04 00 00 00 18 00 01 00 00 00
        [000C] [               6] 00 00 00 00 3E 05 00 00

[1E43BE0] Sequence 116 (0x74)
    Unknown A: 02 00 00 00 00 00 00 00 00 00
    Unknown B: 0
    Entries:   3
        [0018] [               1] 00 00 00 00 10 00 01 00 01 00 00 00 00 00 F6 FF FF FF 00 00
        [0018] [               3] 30 00 00 00 FF 00 74 FF FF 00 10 00 00 00 10 00 01 00 00 00
        [000C] [               6] 00 00 00 00 3F 05 00 00

[1E43C2C] Sequence 117 (0x75)
    Unknown A: 01 00 00 00 00 00 00 00 00 00
    Unknown B: 0
    Entries:   2
        [0018] [               1] 00 00 00 00 06 00 01 00 01 00 00 00 00 00 F6 FF FF FF 00 00
        [000C] [               6] 00 00 00 00 40 05 00 00

[1E43C60] Sequence 118 (0x76)
    Unknown A: 00 00 00 00 00 00 00 00 00 00
    Unknown B: 0
    Entries:   4
        [0018] [               5] 16 00 09 00 9C FF 9C FF 9C FF 08 00 00 00 10 00 01 00 00 00
        [000C] [               6] 00 00 00 00 42 05 00 00
        [0014] [  FrameAnimation] 00 00 00 00 51 00 00 00 00 00 00 00 FF FF 00 00
        [0018] [               4] 16 00 00 00 04 00 00 00 00 00 00 00 20 00 1C 00 01 00 00 00

[1E43CC0] Sequence 119 (0x77)
    Unknown A: 00 00 00 00 00 00 00 00 00 00
    Unknown B: 0
    Entries:   4
        [0018] [               5] 16 00 00 00 9C FF FF 00 C8 00 08 00 00 00 18 00 01 00 00 00
        [0018] [               4] 12 00 00 00 00 00 00 00 00 00 00 00 14 00 0C 00 03 00 00 00
        [000C] [               6] 00 00 00 00 41 05 00 00
        [0014] [  FrameAnimation] 00 00 00 00 4F 00 00 00 00 00 00 00 FF FF 00 00

[1E43D20] Sequence 120 (0x78)
    Unknown A: 00 00 00 00 00 00 00 00 00 00
    Unknown B: 0
    Entries:   4
        [0018] [               5] 16 00 00 00 00 00 32 00 FF 00 08 00 00 00 18 00 01 00 00 00
        [0018] [               4] 12 00 00 00 00 00 00 00 00 00 00 00 14 00 0C 00 03 00 00 00
        [000C] [               6] 00 00 00 00 B8 03 00 00
        [0014] [  FrameAnimation] 00 00 00 00 50 00 00 00 00 00 00 00 FF FF 00 00

[1E43D80] Sequence 121 (0x79)
    Unknown A: 00 00 00 00 00 00 00 00 00 00
    Unknown B: 0
    Entries:   4
        [0014] [  FrameAnimation] 00 00 00 00 1D 00 00 00 00 00 00 00 FF FF 00 00
        [0018] [               5] 10 00 00 00 9C FF 9C FF FF 00 08 00 00 00 08 00 02 00 00 00
        [0018] [               4] 10 00 00 00 02 00 00 00 00 00 00 00 08 00 04 00 03 00 00 00
        [000C] [               6] 00 00 00 00 43 05 00 00

[1E43DE0] Sequence 122 (0x7A)
    Unknown A: 01 00 00 00 00 00 00 00 00 00
    Unknown B: 0
    Entries:   4
        [0018] [               3] 00 00 00 00 00 00 01 FF 01 FF 18 00 20 00 18 00 01 00 00 00
        [0018] [               1] 28 00 00 00 11 00 01 00 01 00 00 00 00 00 1E 00 FF FF 00 00
        [0018] [               4] 30 00 00 00 02 00 00 00 00 00 00 00 10 00 08 00 02 00 00 00
        [000C] [               6] 00 00 00 00 44 05 00 00

[1E43E44] Sequence 123 (0x7B)
    Unknown A: 01 00 00 00 00 00 00 00 00 00
    Unknown B: 0
    Entries:   4
        [0018] [               3] 00 00 00 00 00 00 01 FF 01 FF 18 00 20 00 18 00 01 00 00 00
        [0018] [               1] 28 00 00 00 11 00 00 00 00 00 00 00 00 00 00 00 FF FF 00 00
        [0018] [               4] 30 00 00 00 02 00 00 00 00 00 00 00 10 00 08 00 02 00 00 00
        [000C] [               6] 00 00 00 00 45 05 00 00

[1E43EA8] Sequence 124 (0x7C)
    Unknown A: 01 00 00 00 00 00 00 00 00 00
    Unknown B: 0
    Entries:   4
        [0018] [               1] 10 00 00 00 09 00 03 00 03 00 00 00 00 00 00 00 FF FF 00 00
        [0018] [               1] 18 00 00 00 08 00 05 00 05 00 00 00 00 00 00 00 FF FF 00 00
        [0018] [               5] 00 00 00 00 FF 00 00 00 FF 00 08 00 00 00 10 00 01 00 00 00
        [000C] [               6] 00 00 00 00 46 05 00 00

[1E43F0C] Sequence 125 (0x7D)
    Unknown A: 00 00 00 00 00 00 00 00 00 00
    Unknown B: 0
    Entries:   2
        [0014] [  FrameAnimation] 00 00 00 00 1E 00 00 00 00 00 00 00 FF FF 00 00
        [000C] [               6] 00 00 00 00 47 05 00 00

[1E43F3C] Sequence 126 (0x7E)
    Unknown A: 00 00 00 00 00 00 00 00 00 00
    Unknown B: 0
    Entries:   3
        [0018] [               5] 00 00 00 00 32 00 32 00 FF 00 10 00 08 00 10 00 01 00 00 00
        [0018] [               5] 2A 00 00 00 FF 00 FF 00 FF 00 04 00 00 00 0A 00 01 00 00 00
        [000C] [               6] 00 00 00 00 48 05 00 00

[1E43F88] Sequence 127 (0x7F)
    Unknown A: 00 00 00 00 00 00 00 00 00 00
    Unknown B: 0
    Entries:   3
        [0018] [               3] 00 00 00 00 96 00 CE FF CE FF 0A 00 2C 00 0A 00 01 00 00 00
        [0018] [               2] 00 00 00 00 02 00 00 00 00 00 00 00 08 00 06 00 09 00 00 00
        [000C] [               6] 00 00 00 00 4B 05 00 00

[1E43FD4] Sequence 128 (0x80)
    Unknown A: 00 00 00 00 00 00 00 00 00 00
    Unknown B: 0
    Entries:   0

[1E43FE4] Sequence 129 (0x81)
    Unknown A: 00 00 00 00 00 00 00 00 00 00
    Unknown B: 0
    Entries:   1
        [0018] [               5] 00 00 00 00 FF 00 FF 00 FF 00 0A 00 28 00 0A 00 01 00 00 00

[1E4400C] Sequence 130 (0x82)
    Unknown A: 02 00 00 00 00 00 00 00 00 00
    Unknown B: 0
    Entries:   1
        [0018] [               3] 00 00 00 00 FF 00 FF 00 FF 00 0A 00 28 00 0A 00 01 00 00 00

[1E44034] Sequence 131 (0x83)
    Unknown A: 02 00 00 00 00 00 00 00 00 00
    Unknown B: 0
    Entries:   2
        [0018] [               1] 00 00 00 00 18 00 4E 00 4E 00 00 00 14 00 14 00 FF FF 00 00
        [000C] [               6] 00 00 00 00 50 05 00 00

[1E44068] Sequence 132 (0x84)
    Unknown A: 00 00 00 00 00 00 00 00 00 00
    Unknown B: 0
    Entries:   2
        [0018] [               1] 00 00 00 00 18 00 4A 00 4A 00 00 00 E7 FF 00 00 FF FF 00 00
        [000C] [               6] 00 00 00 00 51 05 00 00

[1E4409C] Sequence 133 (0x85)
    Unknown A: 00 00 00 00 00 00 00 00 00 00
    Unknown B: 0
    Entries:   2
        [0018] [               1] 00 00 00 00 18 00 50 00 50 00 00 00 F1 FF 14 00 FF FF 00 00
        [000C] [               6] 00 00 00 00 52 05 00 00

[1E440D0] Sequence 134 (0x86)
    Unknown A: 01 00 00 00 00 00 00 00 00 00
    Unknown B: 0
    Entries:   4
        [0018] [               1] 00 00 00 00 11 00 01 00 01 00 00 00 00 00 1E 00 FF FF 00 00
        [0018] [               2] 04 00 00 00 00 00 00 00 00 00 00 00 0A 00 06 00 02 00 00 00
        [0018] [               3] 00 00 00 00 FF 00 CE FF CE FF 05 00 05 00 05 00 01 00 00 00
        [000C] [               6] 00 00 00 00 53 05 00 00

[1E44134] Sequence 135 (0x87)
    Unknown A: 00 00 00 00 00 00 00 00 00 00
    Unknown B: 0
    Entries:   1
        [0018] [               5] 00 00 00 00 FF 00 FF 00 64 00 06 00 00 00 06 00 01 00 00 00

[1E4415C] Sequence 136 (0x88)
    Unknown A: 00 00 00 00 00 00 00 00 00 00
    Unknown B: 0
    Entries:   4
        [0018] [               1] 00 00 00 00 11 00 00 00 00 00 00 00 00 00 00 00 00 00 00 00
        [0018] [               4] 10 00 00 00 02 00 00 00 00 00 00 00 10 00 08 00 03 00 00 00
        [0018] [               5] 10 00 00 00 FF 00 03 00 06 00 08 00 00 00 08 00 02 00 00 00
        [000C] [               6] 00 00 00 00 2A 05 00 00

[1E441C0] Sequence 137 (0x89)
    Unknown A: 00 00 00 00 00 00 00 00 00 00
    Unknown B: 0
    Entries:   7
        [0018] [               1] 00 00 00 00 11 00 00 00 00 00 00 00 00 00 00 00 FF FF 00 00
        [0018] [               1] 15 00 00 00 11 00 00 00 00 00 00 00 00 00 00 00 FF FF 00 00
        [0018] [               5] 10 00 00 00 64 00 00 00 00 00 08 00 00 00 08 00 01 00 00 00
        [0018] [               5] 25 00 00 00 64 00 00 00 00 00 08 00 00 00 08 00 01 00 00 00
        [0018] [               4] 10 00 00 00 02 00 00 00 00 00 00 00 0C 00 08 00 02 00 00 00
        [0018] [               4] 25 00 00 00 02 00 00 00 00 00 00 00 0C 00 08 00 02 00 00 00
        [000C] [               6] 00 00 00 00 34 05 00 00

[1E4426C] Sequence 138 (0x8A)
    Unknown A: 00 00 00 00 00 00 00 00 00 00
    Unknown B: 0
    Entries:   5
        [0014] [  FrameAnimation] 00 00 00 00 1B 00 00 00 00 00 00 00 00 00 00 00
        [0018] [               1] 18 00 00 00 13 00 00 00 00 00 00 00 00 00 00 00 FF FF 00 00
        [0018] [               4] 00 00 00 00 02 00 00 00 00 00 00 00 04 00 08 00 08 00 00 00
        [0018] [               4] 48 00 00 00 04 00 00 00 00 00 00 00 14 00 0A 00 02 00 00 00
        [000C] [               6] 00 00 00 00 2B 05 00 00

[1E442E4] Sequence 139 (0x8B)
    Unknown A: 00 00 00 00 00 00 00 00 00 00
    Unknown B: 0
    Entries:   4
        [0014] [  FrameAnimation] 00 00 00 00 1C 00 00 00 00 00 00 00 FF FF 00 00
        [0018] [               4] 14 00 00 00 02 00 00 00 00 00 00 00 10 00 08 00 03 00 00 00
        [0018] [               5] 08 00 00 00 64 00 64 00 64 00 08 00 00 00 08 00 01 00 00 00
        [000C] [               6] 00 00 00 00 2C 05 00 00

[1E44344] Sequence 140 (0x8C)
    Unknown A: 00 00 00 00 00 00 00 00 00 00
    Unknown B: 0
    Entries:   4
        [0018] [               1] 00 00 00 00 16 00 01 00 01 00 00 00 00 00 00 00 FF FF 00 00
        [0018] [               3] 00 00 00 00 FF 00 FF 00 00 00 05 00 00 00 05 00 04 00 00 00
        [0018] [               2] 00 00 00 00 02 00 00 00 00 00 00 00 02 00 05 00 08 00 00 00
        [000C] [               6] 00 00 00 00 2D 05 00 00

[1E443A8] Sequence 141 (0x8D)
    Unknown A: 00 00 00 00 00 00 00 00 00 00
    Unknown B: 0
    Entries:   4
        [0018] [               1] 00 00 00 00 16 00 02 00 02 00 00 00 00 00 00 00 FF FF 00 00
        [0018] [               5] 10 00 00 00 C8 00 C8 00 00 00 10 00 00 00 05 00 01 00 00 00
        [0018] [               3] 10 00 00 00 C8 00 C8 00 64 00 05 00 00 00 10 00 01 00 00 00
        [000C] [               6] 00 00 00 00 2E 05 00 00

[1E4440C] Sequence 142 (0x8E)
    Unknown A: 00 00 00 00 00 00 00 00 00 00
    Unknown B: 0
    Entries:   6
        [0018] [               5] 00 00 00 00 FF 00 FF 00 5A 00 08 00 00 00 08 00 01 00 00 00
        [0018] [               5] 16 00 D1 1B FF 00 FF 00 5A 00 02 00 08 00 10 00 01 00 D2 1B
        [0014] [  FrameAnimation] 2C 00 D2 1B 17 00 D2 1B 00 00 00 00 FF FF D2 1B
        [0018] [               4] 54 00 D2 1B 00 00 00 00 00 00 00 00 0A 00 04 00 03 00 D2 1B
        [0018] [               5] 4A 00 D3 1B 9C FF 9C FF 01 FF 02 00 00 00 02 00 03 00 D3 1B
        [000C] [               6] 00 00 00 00 32 05 00 00

[1E4449C] Sequence 143 (0x8F)
    Unknown A: 00 00 00 00 00 00 00 00 00 00
    Unknown B: 0
    Entries:   4
        [0014] [  FrameAnimation] 00 00 00 00 32 00 00 00 00 00 00 00 FF FF 00 00
        [0018] [               5] 40 00 00 00 FA 00 FA 00 FA 00 05 00 05 00 05 00 03 00 00 00
        [0018] [               4] 10 00 00 00 00 00 00 00 00 00 00 00 10 00 0F 00 07 00 00 00
        [000C] [               6] 00 00 00 00 30 05 00 00

[1E444FC] Sequence 144 (0x90)
    Unknown A: 00 00 00 00 00 00 00 00 00 00
    Unknown B: 0
    Entries:   3
        [0018] [               3] 00 00 00 00 6C 00 70 00 FF 00 08 00 68 00 08 00 01 00 00 00
        [0018] [               2] 08 00 00 00 02 00 00 00 00 00 00 00 04 00 05 00 12 00 00 00
        [000C] [               6] 00 00 00 00 36 05 00 00

[1E44548] Sequence 145 (0x91)
    Unknown A: 00 00 00 00 00 00 00 00 00 00
    Unknown B: 0
    Entries:   9
        [0014] [  FrameAnimation] 00 00 00 00 45 00 00 00 00 00 00 00 FF FF 00 00
        [0014] [  FrameAnimation] 1E 00 00 00 4A 00 00 00 00 00 00 00 FF FF 00 00
        [0014] [  FrameAnimation] 2E 00 00 00 4D 00 00 00 00 00 00 00 FF FF 00 00
        [0018] [               5] 00 00 00 00 FF 00 78 00 FF 00 0E 00 02 00 0E 00 01 00 00 00
        [0018] [               5] 30 00 00 00 C8 00 C8 00 50 00 04 00 14 00 1C 00 01 00 00 00
        [0018] [               4] 00 00 00 00 01 00 00 00 00 00 00 00 02 00 02 00 10 00 00 00
        [0018] [               4] 38 00 00 00 02 00 00 00 00 00 00 00 0C 00 04 00 0A 00 00 00
        [0018] [               4] 36 00 00 00 00 00 00 00 00 00 00 00 0A 00 02 00 0C 00 00 00
        [000C] [               6] 00 00 00 00 B9 03 00 00

[1E44618] Sequence 146 (0x92)
    Unknown A: 00 00 00 00 00 00 00 00 00 00
    Unknown B: 0
    Entries:   22
        [0014] [  FrameAnimation] 00 00 00 00 33 00 00 00 00 00 00 00 00 00 00 00
        [0014] [  FrameAnimation] 02 00 00 00 34 00 00 00 00 00 00 00 00 00 00 00
        [0014] [  FrameAnimation] 04 00 00 00 35 00 00 00 00 00 00 00 00 00 00 00
        [0014] [  FrameAnimation] 06 00 00 00 36 00 00 00 00 00 00 00 00 00 00 00
        [0014] [  FrameAnimation] 08 00 00 00 37 00 00 00 00 00 00 00 00 00 00 00
        [0014] [  FrameAnimation] 0A 00 00 00 38 00 00 00 00 00 00 00 00 00 00 00
        [0014] [  FrameAnimation] 0C 00 00 00 39 00 00 00 00 00 00 00 00 00 00 00
        [0014] [  FrameAnimation] 0E 00 00 00 3A 00 00 00 00 00 00 00 00 00 00 00
        [0014] [  FrameAnimation] 10 00 00 00 3B 00 00 00 00 00 00 00 00 00 00 00
        [0014] [  FrameAnimation] 12 00 00 00 3C 00 00 00 00 00 00 00 00 00 00 00
        [0014] [  FrameAnimation] 14 00 00 00 3D 00 00 00 00 00 00 00 00 00 00 00
        [0014] [  FrameAnimation] 16 00 00 00 3E 00 00 00 00 00 00 00 00 00 00 00
        [0014] [  FrameAnimation] 18 00 00 00 3F 00 00 00 00 00 00 00 00 00 00 00
        [0014] [  FrameAnimation] 1A 00 00 00 40 00 00 00 00 00 00 00 00 00 00 00
        [0014] [  FrameAnimation] 1C 00 00 00 41 00 00 00 00 00 00 00 00 00 00 00
        [0014] [  FrameAnimation] 1E 00 00 00 42 00 00 00 00 00 00 00 00 00 00 00
        [0014] [  FrameAnimation] 20 00 00 00 43 00 00 00 00 00 00 00 00 00 00 00
        [0014] [  FrameAnimation] 22 00 00 00 44 00 00 00 00 00 00 00 00 00 00 00
        [0018] [               5] 18 00 00 00 C8 00 FF 00 FF 00 04 00 00 00 28 00 01 00 00 00
        [0018] [               4] 22 00 00 00 00 00 00 00 00 00 00 00 18 00 08 00 03 00 00 00
        [0018] [               4] 22 00 00 00 02 00 00 00 00 00 00 00 18 00 08 00 03 00 00 00
        [000C] [               6] 00 00 00 00 31 05 00 00

[1E447E4] Sequence 147 (0x93)
    Unknown A: 00 00 00 00 00 00 00 00 00 00
    Unknown B: 0
    Entries:   7
        [0018] [               1] 00 00 00 00 1B 00 01 00 01 00 00 00 00 00 00 00 FF FF 00 00
        [0018] [               5] 1B 00 00 00 96 00 CE FF CE FF 04 00 1C 00 0A 00 01 00 00 00
        [0018] [               4] 1C 00 00 00 08 00 00 00 00 00 00 00 0A 00 06 00 01 00 00 00
        [0018] [               4] 22 00 00 00 08 00 00 00 00 00 00 00 0A 00 06 00 01 00 00 00
        [0018] [               4] 28 00 00 00 08 00 00 00 00 00 00 00 0A 00 06 00 01 00 00 00
        [0018] [               4] 2E 00 00 00 00 00 00 00 00 00 00 00 06 00 06 00 02 00 00 00
        [000C] [               6] 00 00 00 00 BA 03 00 00

[1E44890] Sequence 148 (0x94)
    Unknown A: 02 00 00 00 00 00 00 00 00 00
    Unknown B: 0
    Entries:   3
        [0018] [               1] 00 00 00 00 17 00 00 00 00 00 0B 00 00 00 00 00 FF FF 00 00
        [0018] [               3] 12 00 00 00 01 FF 96 00 01 FF 04 00 00 00 18 00 01 00 00 00
        [000C] [               6] 00 00 00 00 68 02 00 00

[1E448DC] Sequence 149 (0x95)
    Unknown A: 02 00 00 00 00 00 00 00 00 00
    Unknown B: 0
    Entries:   2
        [0018] [               1] 00 00 00 00 21 00 01 00 01 00 00 00 00 00 00 00 FF FF 00 00
        [000C] [               6] 00 00 00 00 75 06 00 00

[1E44910] Sequence 150 (0x96)
    Unknown A: 00 00 00 00 00 00 00 00 00 00
    Unknown B: 0
    Entries:   6
        [0018] [               1] 00 00 00 00 0D 00 01 00 01 00 00 00 00 00 00 00 FF FF 00 00
        [0018] [               1] 1A 00 00 00 0D 00 00 00 00 00 00 00 00 00 00 00 FF FF 00 00
        [0018] [               5] 1A 00 00 00 96 00 96 00 CE FF 04 00 00 00 04 00 01 00 00 00
        [000C] [               6] 00 00 00 00 02 05 00 00
        [0018] [               3] 26 00 00 00 FF 00 FF 00 CE FF 04 00 00 00 04 00 02 00 00 00
        [0018] [               2] 26 00 00 00 02 00 00 00 00 00 00 00 06 00 05 00 02 00 00 00

[1E449A4] Sequence 151 (0x97)
    Unknown A: 00 00 00 00 00 00 00 00 00 00
    Unknown B: 0
    Entries:   5
        [0018] [               1] 00 00 00 00 0D 00 01 00 01 00 00 00 00 00 00 00 FF FF 00 00
        [0018] [               1] 1A 00 00 00 0E 00 00 00 00 00 00 00 00 00 0C 00 FF FF 00 00
        [0018] [               5] 1A 00 00 00 96 00 96 00 CE FF 04 00 00 00 04 00 01 00 00 00
        [000C] [               6] 00 00 00 00 03 05 00 00
        [0018] [               2] 28 00 00 00 02 00 00 00 00 00 00 00 04 00 04 00 03 00 00 00

[1E44A20] Sequence 152 (0x98)
    Unknown A: 00 00 00 00 00 00 00 00 00 00
    Unknown B: 0
    Entries:   5
        [0018] [               1] 00 00 00 00 0E 00 04 00 04 00 00 00 00 00 00 00 FF FF 00 00
        [0018] [               1] 10 00 00 00 0E 00 02 00 02 00 00 00 00 00 F6 FF FF FF 00 00
        [0018] [               5] 10 00 00 00 96 00 96 00 CE FF 04 00 00 00 04 00 01 00 00 00
        [000C] [               6] 00 00 00 00 04 05 00 00
        [0018] [               2] 14 00 00 00 02 00 00 00 00 00 00 00 08 00 06 00 02 00 00 00

[1E44A9C] Sequence 153 (0x99)
    Unknown A: 00 00 00 00 00 00 00 00 00 00
    Unknown B: 0
    Entries:   7
        [0018] [               1] 00 00 00 00 0E 00 04 00 04 00 00 00 00 00 00 00 FF FF 00 00
        [0018] [               1] 10 00 00 00 0E 00 03 00 03 00 00 00 00 00 0A 00 FF FF 00 00
        [0018] [               5] 10 00 00 00 CE FF FF 00 CE FF 04 00 00 00 04 00 01 00 00 00
        [000C] [               6] 00 00 00 00 05 05 00 00
        [0018] [               2] 1A 00 00 00 02 00 00 00 00 00 00 00 05 00 06 00 02 00 00 00
        [0018] [               3] 1A 00 00 00 FF 00 96 00 9C FF 04 00 00 00 04 00 02 00 00 00
        [0018] [               4] 1A 00 00 00 00 00 00 00 00 00 00 00 04 00 04 00 01 00 00 00

[1E44B48] Sequence 154 (0x9A)
    Unknown A: 00 00 00 00 00 00 00 00 00 00
    Unknown B: 0
    Entries:   7
        [0018] [               1] 00 00 00 00 0F 00 04 00 04 00 00 00 00 00 00 00 FF FF 00 00
        [0018] [               1] 1A 00 00 00 0F 00 02 00 02 00 00 00 00 00 00 00 FF FF 00 00
        [0018] [               5] 1A 00 00 00 96 00 96 00 CE FF 04 00 00 00 04 00 01 00 00 00
        [000C] [               6] 00 00 00 00 06 05 00 00
        [0018] [               2] 20 00 00 00 02 00 00 00 00 00 00 00 0C 00 06 00 02 00 00 00
        [0018] [               4] 20 00 00 00 00 00 00 00 00 00 00 00 06 00 05 00 02 00 00 00
        [0018] [               3] 20 00 00 00 FF 00 96 00 CE FF 04 00 00 00 04 00 01 00 00 00

[1E44BF4] Sequence 155 (0x9B)
    Unknown A: 00 00 00 00 00 00 00 00 00 00
    Unknown B: 0
    Entries:   6
        [0018] [               1] 00 00 00 00 0F 00 04 00 04 00 00 00 00 00 00 00 FF FF 00 00
        [0018] [               1] 1A 00 00 00 0F 00 03 00 03 00 00 00 00 00 00 00 FF FF 00 00
        [0018] [               5] 1A 00 00 00 96 00 CE FF CE FF 04 00 00 00 04 00 02 00 00 00
        [000C] [               6] 00 00 00 00 07 05 00 00
        [0018] [               2] 1E 00 00 00 02 00 00 00 00 00 00 00 0A 00 06 00 03 00 00 00
        [0018] [               4] 1E 00 00 00 00 00 00 00 00 00 00 00 0A 00 06 00 03 00 00 00

[1E44C88] Sequence 156 (0x9C)
    Unknown A: 00 00 00 00 00 00 00 00 00 00
    Unknown B: 0
    Entries:   5
        [0018] [               5] 20 00 00 00 FF 00 FF 00 FF 00 08 00 28 00 20 00 01 00 00 00
        [0018] [               4] 20 00 00 00 00 00 00 00 00 00 00 00 10 00 08 00 02 00 00 00
        [000C] [               6] 00 00 00 00 0D 05 00 00
        [0018] [               1] 00 00 00 00 0D 00 01 00 01 00 00 00 00 00 00 00 FF FF 00 00
        [0018] [               3] 28 00 00 00 FF 00 FF 00 FF 00 05 00 3C 00 1E 00 01 00 00 00

[1E44D04] Sequence 157 (0x9D)
    Unknown A: 02 00 00 00 00 00 00 00 00 00
    Unknown B: 0
    Entries:   3
        [0018] [               1] 00 00 00 00 10 00 05 00 05 00 00 00 00 00 F6 FF FF FF 00 00
        [0018] [               3] 30 00 00 00 FF 00 B4 00 CE FF 10 00 00 00 10 00 01 00 00 00
        [000C] [               6] 00 00 00 00 0E 05 00 00

[1E44D50] Sequence 158 (0x9E)
    Unknown A: 02 00 00 00 00 00 00 00 00 00
    Unknown B: 0
    Entries:   3
        [0018] [               1] 00 00 00 00 00 00 01 00 01 00 00 00 00 00 00 00 FF FF 0D 00
        [000C] [               6] 00 00 00 00 54 04 00 00
        [0018] [               2] 00 00 00 00 08 00 00 00 00 00 00 00 08 00 08 00 01 00 00 00

[1E44D9C] Sequence 159 (0x9F)
    Unknown A: 02 00 00 00 00 00 00 00 00 00
    Unknown B: 0
    Entries:   3
        [0018] [               1] 00 00 00 00 17 00 07 00 07 00 00 00 00 00 00 00 FF FF 00 00
        [0018] [               3] 0E 00 00 00 AF 00 AF 00 FF 00 08 00 00 00 08 00 01 00 00 00
        [000C] [               6] 00 00 00 00 09 05 00 00

[1E44DE8] Sequence 160 (0xA0)
    Unknown A: 02 00 00 00 00 00 00 00 00 00
    Unknown B: 0
    Entries:   4
        [0018] [               3] 10 00 00 00 64 00 64 00 FF 00 04 00 18 00 10 00 01 00 00 00
        [000C] [               6] 00 00 00 00 08 05 00 00
        [0018] [               1] 00 00 00 00 0F 00 06 00 06 00 00 00 00 00 00 00 FF FF 00 00
        [0018] [               1] 08 00 00 00 0F 00 06 00 06 00 00 00 00 00 00 00 FF FF 00 00

[1E44E4C] Sequence 161 (0xA1)
    Unknown A: 02 00 00 00 00 00 00 00 00 00
    Unknown B: 0
    Entries:   3
        [0018] [               1] 00 00 00 00 10 00 03 00 03 00 00 00 00 00 F8 FF FF FF 00 00
        [0018] [               3] 30 00 00 00 E2 FF 78 00 FF 00 10 00 00 00 10 00 01 00 00 00
        [000C] [               6] 00 00 00 00 0B 05 00 00

[1E44E98] Sequence 162 (0xA2)
    Unknown A: 02 00 00 00 00 00 00 00 00 00
    Unknown B: 0
    Entries:   3
        [0018] [               1] 00 00 00 00 10 00 04 00 04 00 00 00 00 00 F6 FF FF FF 00 00
        [0018] [               3] 30 00 00 00 78 00 FF 00 00 00 10 00 00 00 10 00 01 00 00 00
        [000C] [               6] 00 00 00 00 0C 05 00 00

[1E44EE4] Sequence 163 (0xA3)
    Unknown A: 02 00 00 00 00 00 00 00 00 00
    Unknown B: 0
    Entries:   7
        [0018] [               1] 00 00 00 00 1F 00 02 00 02 00 00 00 00 00 F4 FF FF FF 04 00
        [0018] [               1] 00 00 00 00 1F 00 01 00 01 00 00 00 00 00 00 00 FF FF 04 00
        [0018] [               1] 00 00 00 00 1F 00 00 00 00 00 00 00 00 00 0C 00 FF FF 04 00
        [0018] [               3] 00 00 00 00 FF 00 FF 00 FF 00 02 00 00 00 02 00 01 00 00 00
        [0018] [               3] 14 00 00 00 FF 00 FF 00 FF 00 02 00 00 00 02 00 01 00 00 00
        [0018] [               3] 28 00 00 00 FF 00 FF 00 FF 00 02 00 00 00 02 00 01 00 00 00
        [000C] [               6] 00 00 00 00 BB 03 00 00

[1E44F90] Sequence 164 (0xA4)
    Unknown A: 02 00 00 00 00 00 00 00 00 00
    Unknown B: 0
    Entries:   5
        [0018] [               1] 00 00 00 00 20 00 00 00 00 00 00 00 00 00 00 00 FF FF 00 00
        [0018] [               2] 08 00 00 00 06 00 00 00 00 00 00 00 08 00 20 00 02 00 00 00
        [0018] [               4] 08 00 00 00 02 00 00 00 00 00 00 00 06 00 20 00 02 00 00 00
        [0018] [               5] 1C 00 00 00 9C FF 9C FF 9C FF 0A 00 00 00 0E 00 01 00 00 00
        [000C] [               6] 00 00 00 00 BC 03 00 00

[1E4500C] Sequence 165 (0xA5)
    Unknown A: 00 00 00 00 00 00 00 00 00 00
    Unknown B: 0
    Entries:   2
        [0018] [               1] 00 00 00 00 0F 00 04 00 04 00 00 00 00 00 00 00 FF FF 00 00
        [000C] [               6] 00 00 00 00 BD 03 00 00

[1E45040] Sequence 166 (0xA6)
    Unknown A: 00 00 00 00 00 00 00 00 00 00
    Unknown B: 0
    Entries:   1
        [0018] [               3] 00 00 00 00 FF 00 FF 00 FF 00 06 00 00 00 06 00 03 00 00 00

[1E45068] Sequence 167 (0xA7)
    Unknown A: 00 00 00 00 00 00 00 00 00 00
    Unknown B: 0
    Entries:   3
        [0018] [               3] 00 00 00 00 FF 00 FF 00 FF 00 05 00 0A 00 00 00 01 00 00 00
        [0018] [               3] 0F 00 00 00 01 FF 01 FF 01 FF 05 00 00 00 00 00 01 00 00 00
        [000C] [               6] 00 00 00 00 12 05 00 00

[1E450B4] Sequence 168 (0xA8)
    Unknown A: 00 00 00 00 00 00 00 00 00 00
    Unknown B: 0
    Entries:   3
        [0018] [               3] 00 00 00 00 FF 00 FF 00 FF 00 5A 00 00 00 00 00 01 00 00 00
        [0018] [               5] 3C 00 00 00 FF 00 FF 00 FF 00 3C 00 3C 00 10 00 01 00 00 00
        [000C] [               6] 00 00 00 00 13 05 00 00

[1E45100] Sequence 169 (0xA9)
    Unknown A: 02 00 00 00 00 00 00 00 00 00
    Unknown B: 0
    Entries:   2
        [0018] [               3] 00 00 00 00 00 00 01 FF FF 00 18 00 08 00 18 00 01 00 00 00
        [000C] [               6] 00 00 00 00 BC 04 00 00

[1E45134] Sequence 170 (0xAA)
    Unknown A: 00 00 00 00 00 00 00 00 00 00
    Unknown B: 0
    Entries:   2
        [0018] [               2] 00 00 00 00 02 00 00 00 00 00 00 00 08 00 08 00 02 00 00 00
        [000C] [               6] 00 00 00 00 C3 04 00 00

[1E45168] Sequence 171 (0xAB)
    Unknown A: 02 00 00 00 00 00 00 00 00 00
    Unknown B: 0
    Entries:   3
        [0018] [               1] 00 00 00 00 05 00 00 00 00 00 00 00 00 00 00 00 FF FF 00 00
        [0018] [               3] 08 00 00 00 A0 00 A0 00 A0 00 04 00 00 00 18 00 01 00 00 00
        [000C] [               6] 00 00 00 00 F8 04 00 00

[1E451B4] Sequence 172 (0xAC)
    Unknown A: 02 00 00 00 00 00 00 00 00 00
    Unknown B: 0
    Entries:   3
        [0018] [               1] 00 00 00 00 05 00 01 00 01 00 00 00 00 00 00 00 FF FF 00 00
        [0018] [               3] 08 00 00 00 9C FF 9C FF 9C FF 04 00 00 00 18 00 01 00 00 00
        [000C] [               6] 00 00 00 00 D7 04 00 00

[1E45200] Sequence 173 (0xAD)
    Unknown A: 02 00 00 00 00 00 00 00 00 00
    Unknown B: 0
    Entries:   3
        [0018] [               1] 00 00 00 00 19 00 00 00 00 00 00 00 00 00 00 00 FF FF 00 00
        [0018] [               3] 08 00 00 00 A0 00 A0 00 A0 00 04 00 00 00 18 00 01 00 00 00
        [000C] [               6] 00 00 00 00 FA 04 00 00

[1E4524C] Sequence 174 (0xAE)
    Unknown A: 02 00 00 00 00 00 00 00 00 00
    Unknown B: 0
    Entries:   3
        [0018] [               1] 00 00 00 00 19 00 01 00 01 00 00 00 00 00 00 00 FF FF 00 00
        [0018] [               3] 08 00 00 00 9C FF 9C FF 9C FF 04 00 00 00 18 00 01 00 00 00
        [000C] [               6] 00 00 00 00 D9 04 00 00

[1E45298] Sequence 175 (0xAF)
    Unknown A: 02 00 00 00 00 00 00 00 00 00
    Unknown B: 0
    Entries:   3
        [0018] [               1] 00 00 00 00 1A 00 00 00 00 00 00 00 00 00 00 00 FF FF 00 00
        [0018] [               3] 08 00 00 00 A0 00 A0 00 A0 00 04 00 00 00 18 00 01 00 00 00
        [000C] [               6] 00 00 00 00 11 05 00 00

[1E452E4] Sequence 176 (0xB0)
    Unknown A: 02 00 00 00 00 00 00 00 00 00
    Unknown B: 0
    Entries:   3
        [0018] [               1] 00 00 00 00 1A 00 01 00 01 00 00 00 00 00 00 00 FF FF 00 00
        [0018] [               3] 08 00 00 00 9C FF 9C FF 9C FF 04 00 00 00 18 00 01 00 00 00
        [000C] [               6] 00 00 00 00 DA 04 00 00

[1E45330] Sequence 177 (0xB1)
    Unknown A: 02 00 00 00 00 00 00 00 00 00
    Unknown B: 0
    Entries:   3
        [0018] [               1] 00 00 00 00 0B 00 00 00 00 00 00 00 00 00 00 00 FF FF 00 00
        [000C] [               6] 00 00 00 00 FF 04 00 00
        [0018] [               3] 08 00 00 00 A0 00 A0 00 A0 00 04 00 00 00 18 00 01 00 00 00

[1E4537C] Sequence 178 (0xB2)
    Unknown A: 02 00 00 00 00 00 00 00 00 00
    Unknown B: 0
    Entries:   3
        [0018] [               1] 00 00 00 00 0B 00 01 00 01 00 00 00 00 00 00 00 FF FF 00 00
        [000C] [               6] 00 00 00 00 FB 04 00 00
        [0018] [               3] 08 00 00 00 9C FF 9C FF 9C FF 04 00 00 00 18 00 01 00 00 00

[1E453C8] Sequence 179 (0xB3)
    Unknown A: 02 00 00 00 00 00 00 00 00 00
    Unknown B: 0
    Entries:   2
        [0018] [               3] 00 00 00 00 FF 00 FF 00 FF 00 06 00 00 00 06 00 03 00 00 00
        [000C] [               6] 00 00 00 00 BE 03 00 00

[1E453FC] Sequence 180 (0xB4)
    Unknown A: 00 00 00 00 00 00 00 00 02 00
    Unknown B: 0
    Entries:   0

[1E4540C] Sequence 181 (0xB5)
    Unknown A: 00 00 00 00 00 00 00 00 01 00
    Unknown B: 0
    Entries:   0

[1E4541C] Sequence 182 (0xB6)
    Unknown A: 01 00 00 00 00 00 00 00 00 00
    Unknown B: 0
    Entries:   1
        [0018] [               2] 00 00 00 00 00 00 00 00 00 00 00 00 04 00 08 00 06 00 00 00

[1E45444] Sequence 183 (0xB7)
    Unknown A: 02 00 00 00 00 00 00 00 00 00
    Unknown B: 0
    Entries:   1
        [0018] [               2] 00 00 00 00 02 00 00 00 00 00 00 00 08 00 08 00 02 00 00 00

[1E4546C] Sequence 184 (0xB8)
    Unknown A: 00 00 00 00 00 00 00 00 00 00
    Unknown B: 0
    Entries:   1
        [0018] [               2] 00 00 00 00 02 00 00 00 00 00 00 00 06 00 06 00 0C 00 00 00

[1E45494] Sequence 185 (0xB9)
    Unknown A: 02 00 00 00 00 00 00 00 00 00
    Unknown B: 0
    Entries:   1
        [0018] [               2] 00 00 00 00 02 00 00 00 00 00 00 00 10 00 08 00 02 00 00 00

[1E454BC] Sequence 186 (0xBA)
    Unknown A: 02 00 00 00 00 00 00 00 00 00
    Unknown B: 0
    Entries:   2
        [0018] [               2] 00 00 00 00 03 00 00 00 00 00 00 00 14 00 08 00 03 00 00 00
        [0018] [               4] 00 00 00 00 00 00 00 00 00 00 00 00 08 00 08 00 02 00 00 00

[1E454FC] Sequence 187 (0xBB)
    Unknown A: 00 00 00 00 00 00 00 00 00 00
    Unknown B: 0
    Entries:   3
        [0018] [               4] 00 00 00 00 02 00 00 00 01 00 00 00 18 00 30 00 02 00 00 00
        [0018] [               2] 00 00 00 00 06 00 00 00 01 00 00 00 18 00 30 00 02 00 00 00
        [000C] [               6] 00 00 00 00 49 05 00 00

[1E45548] Sequence 188 (0xBC)
    Unknown A: 00 00 00 00 00 00 00 00 00 00
    Unknown B: 0
    Entries:   1
        [0018] [               5] 00 00 00 00 FF 00 FF 00 FF 00 3C 00 05 00 3C 00 01 00 00 00

[1E45570] Sequence 189 (0xBD)
    Unknown A: 00 00 00 00 00 00 00 00 00 00
    Unknown B: 0
    Entries:   2
        [0018] [               4] 00 00 00 00 00 00 00 00 00 00 00 00 3C 00 06 00 05 00 00 00
        [0014] [  FrameAnimation] 00 00 00 00 4E 00 00 00 00 00 00 00 FF FF 00 00

[1E455AC] Sequence 190 (0xBE)
    Unknown A: 00 00 00 00 00 00 00 00 00 00
    Unknown B: 0
    Entries:   6
        [0018] [               1] 00 00 00 00 22 00 01 00 01 00 00 00 00 00 00 00 FF FF 00 00
        [0018] [               1] 18 00 00 00 22 00 02 00 02 00 00 00 00 00 00 00 FF FF 00 00
        [0018] [               5] 00 00 00 00 C8 00 32 00 FF 00 05 00 00 00 10 00 01 00 00 00
        [0018] [               5] 18 00 00 00 C8 00 32 00 FF 00 05 00 00 00 10 00 01 00 00 00
        [000C] [               6] 00 00 00 00 78 06 00 00
        [0018] [               3] 00 00 00 00 85 00 00 00 C6 00 04 00 22 00 14 00 01 00 00 00

[1E45640] Sequence 191 (0xBF)
    Unknown A: 00 00 00 00 00 00 00 00 00 00
    Unknown B: 0
    Entries:   0

[1E45650] Sequence 192 (0xC0)
    Unknown A: 02 00 00 00 00 00 00 00 00 00
    Unknown B: 0
    Entries:   4
        [0018] [               3] 00 00 00 00 FF 00 FF 00 FF 00 40 00 48 00 48 00 01 00 00 00
        [0018] [               5] 4C 00 00 00 FF 00 FF 00 FF 00 05 00 05 00 05 00 01 00 00 00
        [0018] [               5] 5C 00 00 00 FF 00 FF 00 FF 00 05 00 05 00 30 00 01 00 00 00
        [000C] [               6] 00 00 00 00 C3 03 00 00

[1E456B4] Sequence 193 (0xC1)
    Unknown A: 00 00 00 00 00 00 00 00 03 00
    Unknown B: 0
    Entries:   3
        [0014] [  FrameAnimation] 00 00 00 00 1F 00 00 00 00 00 00 00 00 00 00 00
        [0018] [               3] 20 00 00 00 6A FF 6A FF 6A FF 04 00 00 00 18 00 01 00 00 00
        [000C] [               6] 00 00 00 00 D3 04 00 00

[1E456FC] Sequence 194 (0xC2)
    Unknown A: 00 00 00 00 00 00 00 00 00 00
    Unknown B: 0
    Entries:   4
        [0018] [               3] 08 00 00 00 FF 00 FF 00 00 00 24 00 00 00 24 00 01 00 00 00
        [0018] [               2] 08 00 00 00 02 00 00 00 01 00 00 00 10 00 18 00 02 00 00 00
        [0018] [               2] 38 00 00 00 02 00 00 00 01 00 00 00 08 00 18 00 01 00 00 00
        [000C] [               6] 00 00 00 00 D5 04 00 00

[1E45760] Sequence 195 (0xC3)
    Unknown A: 02 00 00 00 00 00 00 00 00 00
    Unknown B: 0
    Entries:   2
        [0018] [               3] 00 00 00 00 FF 00 C8 00 FF 00 08 00 00 00 10 00 01 00 00 00
        [000C] [               6] 00 00 00 00 65 05 00 00

[1E45794] Sequence 196 (0xC4)
    Unknown A: 02 00 00 00 00 00 00 00 00 00
    Unknown B: 0
    Entries:   2
        [0018] [               3] 00 00 00 00 FF 00 C8 00 FF 00 08 00 00 00 10 00 01 00 00 00
        [000C] [               6] 00 00 00 00 00 05 00 00

[1E457C8] Sequence 197 (0xC5)
    Unknown A: 02 00 00 00 00 00 00 00 00 00
    Unknown B: 0
    Entries:   2
        [0018] [               1] 00 00 00 00 10 00 02 00 02 00 00 00 00 00 F8 FF FF FF 00 00
        [000C] [               6] 00 00 00 00 0A 05 00 00

[1E457FC] Sequence 198 (0xC6)
    Unknown A: 00 00 00 00 00 00 00 00 00 00
    Unknown B: 0
    Entries:   7
        [0018] [               1] 00 00 00 00 0F 00 07 00 07 00 00 00 00 00 00 00 FF FF 00 00
        [0018] [               3] 22 00 00 00 FF 00 CE FF CE FF 04 00 0C 00 08 00 01 00 00 00
        [0018] [               1] 1A 00 00 00 11 00 02 00 02 00 00 00 00 00 1E 00 FF FF 00 00
        [000C] [               6] 00 00 00 00 0F 05 00 00
        [0018] [               2] 22 00 00 00 02 00 00 00 00 00 00 00 10 00 08 00 02 00 00 00
        [0018] [               5] 1A 00 00 00 FF 00 96 00 CE FF 04 00 00 00 04 00 01 00 00 00
        [0018] [               4] 22 00 00 00 00 00 00 00 00 00 00 00 08 00 06 00 02 00 00 00

[1E458A8] Sequence 199 (0xC7)
    Unknown A: 00 00 00 00 00 00 00 00 00 00
    Unknown B: 0
    Entries:   3
        [0018] [               2] 00 00 00 00 04 00 00 00 00 00 00 00 08 00 28 00 01 00 00 00
        [000C] [               6] 00 00 00 00 DC 04 00 00
        [0018] [               3] 00 00 00 00 32 00 38 FF 0A 00 10 00 10 00 10 00 01 00 00 00

[1E458F4] Sequence 200 (0xC8)
    Unknown A: 00 00 00 00 00 00 00 00 00 00
    Unknown B: 0
    Entries:   2
        [0018] [               5] 00 00 00 00 B4 00 38 FF 8C 00 08 00 00 00 08 00 02 00 00 00
        [000C] [               6] 00 00 00 00 14 05 00 00

[1E45928] Sequence 201 (0xC9)
    Unknown A: 02 00 00 00 00 00 00 00 00 00
    Unknown B: 0
    Entries:   4
        [0018] [               1] 00 00 00 00 06 00 00 00 00 00 00 00 00 00 00 00 FF FF 00 00
        [0018] [               3] 00 00 00 00 32 00 38 FF 0A 00 10 00 18 00 10 00 01 00 00 00
        [0018] [               2] 10 00 00 00 04 00 00 00 00 00 00 00 08 00 28 00 01 00 00 00
        [000C] [               6] 00 00 00 00 1E 05 00 00

[1E4598C] Sequence 202 (0xCA)
    Unknown A: 00 00 00 00 00 00 00 00 00 00
    Unknown B: 0
    Entries:   3
        [0018] [               2] 0A 00 00 00 02 00 00 00 00 00 00 00 08 00 08 00 02 00 00 00
        [0018] [               3] 00 00 00 00 AA 00 FF 00 00 00 08 00 00 00 08 00 02 00 00 00
        [000C] [               6] 00 00 00 00 DE 04 00 00

[1E459D8] Sequence 203 (0xCB)
    Unknown A: 02 00 00 00 00 00 00 00 00 00
    Unknown B: 0
    Entries:   3
        [0018] [               1] 00 00 00 00 07 00 00 00 00 00 00 00 00 00 00 00 FF FF 00 00
        [0018] [               3] 20 00 00 00 AA 00 FF 00 00 00 05 00 00 00 05 00 02 00 00 00
        [000C] [               6] 00 00 00 00 1F 05 00 00

[1E45A24] Sequence 204 (0xCC)
    Unknown A: 02 00 00 00 00 00 00 00 00 00
    Unknown B: 0
    Entries:   1
        [0018] [               3] 00 00 00 00 01 FF 01 FF 01 FF 00 00 18 00 78 00 01 00 00 00

[1E45A4C] Sequence 205 (0xCD)
    Unknown A: 00 00 00 00 08 00 00 00 00 00
    Unknown B: 0
    Entries:   22
        [0014] [  FrameAnimation] 00 00 00 00 20 00 00 00 00 00 00 00 FF FF 00 00
        [0014] [  FrameAnimation] 04 00 00 00 21 00 00 00 00 00 00 00 FF FF 00 00
        [0014] [  FrameAnimation] 08 00 00 00 22 00 00 00 00 00 00 00 FF FF 00 00
        [0014] [  FrameAnimation] 0C 00 00 00 23 00 00 00 00 00 00 00 FF FF 00 00
        [0014] [  FrameAnimation] 10 00 00 00 24 00 00 00 00 00 00 00 FF FF 00 00
        [0014] [  FrameAnimation] 14 00 00 00 25 00 00 00 00 00 00 00 FF FF 00 00
        [0014] [  FrameAnimation] 18 00 00 00 26 00 00 00 00 00 00 00 FF FF 00 00
        [0014] [  FrameAnimation] 1C 00 00 00 27 00 00 00 00 00 00 00 FF FF 00 00
        [0014] [  FrameAnimation] 20 00 00 00 28 00 00 00 00 00 00 00 FF FF 00 00
        [0014] [  FrameAnimation] 24 00 00 00 29 00 00 00 00 00 00 00 FF FF 00 00
        [0014] [  FrameAnimation] 28 00 00 00 2A 00 00 00 00 00 00 00 FF FF 00 00
        [0014] [  FrameAnimation] 2C 00 00 00 2B 00 00 00 00 00 00 00 FF FF 00 00
        [0014] [  FrameAnimation] 30 00 00 00 2C 00 00 00 00 00 00 00 FF FF 00 00
        [0014] [  FrameAnimation] 34 00 00 00 2D 00 00 00 00 00 00 00 FF FF 00 00
        [0014] [  FrameAnimation] 38 00 00 00 2E 00 00 00 00 00 00 00 FF FF 00 00
        [0014] [  FrameAnimation] 3C 00 00 00 2F 00 00 00 00 00 00 00 FF FF 00 00
        [0014] [  FrameAnimation] 40 00 00 00 30 00 00 00 00 00 00 00 FF FF 00 00
        [0014] [  FrameAnimation] 44 00 00 00 31 00 00 00 00 00 00 00 FF FF 00 00
        [0018] [               5] 44 00 00 00 FF 00 FF 00 C8 00 04 00 00 00 28 00 01 00 00 00
        [0018] [               4] 40 00 00 00 02 00 00 00 00 00 00 00 18 00 08 00 03 00 00 00
        [0018] [               4] 44 00 00 00 00 00 00 00 00 00 00 00 18 00 08 00 03 00 00 00
        [000C] [               6] 00 00 00 00 2F 05 00 00

